1	1
1	2
1	3
1	1
1	2
1	3
2	1
2	2
2	3
2	1
2	2
2	3
3	1
3	4
3	2
3	3
3	1
3	4
3	2
3	3
4	1
4	4
4	2
4	3
4	1
4	4
4	2
4	3
5	1
5	4
5	2
5	3
5	1
5	4
5	2
5	3
6	1
6	2
6	3
6	1
6	2
6	3
7	1
7	4
7	2
7	3
7	1
7	4
7	2
7	3
8	1
8	4
8	2
8	3
8	1
8	4
8	2
8	3
9	1
9	2
9	3
9	1
9	2
9	3
10	1
10	4
10	2
10	3
10	1
10	4
10	2
10	3
23	5
23	6
23	7
23	8
23	5
23	6
23	7
23	8
30	5
30	6
30	7
30	8
30	5
30	6
30	7
30	8
39	5
39	6
39	7
39	8
39	9
39	5
39	6
39	7
39	8
39	9
42	10
42	11
42	12
42	13
42	14
42	15
42	10
42	11
42	12
42	13
42	14
42	15
45	16
45	17
45	18
45	16
45	17
45	18
56	5
56	6
56	7
56	8
56	5
56	6
56	7
56	8
58	5
58	6
58	7
58	8
58	9
58	5
58	6
58	7
58	8
58	9
62	19
62	20
62	21
62	22
62	23
62	24
62	25
62	26
62	27
62	28
62	29
62	30
62	31
62	19
62	20
62	21
62	22
62	23
62	24
62	25
62	26
62	27
62	28
62	29
62	30
62	31
63	1
63	2
63	3
63	1
63	2
63	3
64	32
64	8
64	33
64	34
64	32
64	8
64	33
64	34
65	32
65	8
65	33
65	34
65	32
65	8
65	33
65	34
66	32
66	8
66	33
66	34
66	32
66	8
66	33
66	34
67	32
67	8
67	33
67	34
67	32
67	8
67	33
67	34
68	32
68	8
68	33
68	34
68	32
68	8
68	33
68	34
69	32
69	8
69	33
69	34
69	32
69	8
69	33
69	34
70	32
70	8
70	33
70	34
70	32
70	8
70	33
70	34
71	32
71	8
71	33
71	34
71	32
71	8
71	33
71	34
72	32
72	8
72	33
72	34
72	32
72	8
72	33
72	34
73	32
73	8
73	33
73	34
73	32
73	8
73	33
73	34
74	32
74	8
74	33
74	34
74	32
74	8
74	33
74	34
75	32
75	8
75	33
75	34
75	32
75	8
75	33
75	34
76	32
76	8
76	33
76	34
76	32
76	8
76	33
76	34
77	32
77	8
77	33
77	34
77	32
77	8
77	33
77	34
78	32
78	8
78	33
78	34
78	32
78	8
78	33
78	34
79	32
79	8
79	33
79	34
79	32
79	8
79	33
79	34
80	32
80	8
80	33
80	34
80	32
80	8
80	33
80	34
81	32
81	8
81	33
81	34
81	32
81	8
81	33
81	34
82	32
82	8
82	33
82	34
82	32
82	8
82	33
82	34
83	32
83	8
83	33
83	34
83	32
83	8
83	33
83	34
84	32
84	8
84	33
84	34
84	32
84	8
84	33
84	34
85	32
85	8
85	33
85	34
85	32
85	8
85	33
85	34
86	32
86	8
86	33
86	34
86	32
86	8
86	33
86	34
87	32
87	8
87	33
87	34
87	32
87	8
87	33
87	34
88	32
88	8
88	33
88	34
88	32
88	8
88	33
88	34
89	32
89	8
89	33
89	34
89	32
89	8
89	33
89	34
90	32
90	8
90	33
90	34
90	32
90	8
90	33
90	34
91	32
91	8
91	33
91	34
91	32
91	8
91	33
91	34
92	32
92	8
92	33
92	34
92	32
92	8
92	33
92	34
93	32
93	8
93	33
93	34
93	32
93	8
93	33
93	34
94	32
94	8
94	33
94	34
94	32
94	8
94	33
94	34
95	35
95	36
95	37
95	35
95	36
95	37
96	35
96	36
96	37
96	35
96	36
96	37
97	38
97	36
97	38
97	36
98	36
98	36
99	36
99	36
100	39
100	40
100	36
100	41
100	42
100	39
100	40
100	36
100	41
100	42
101	36
101	42
101	36
101	42
102	36
102	36
103	36
103	36
104	36
104	36
105	36
105	36
106	36
106	42
106	36
106	42
107	36
107	36
108	38
108	43
108	36
108	38
108	43
108	36
109	36
109	36
110	44
110	36
110	42
110	44
110	36
110	42
111	36
111	42
111	36
111	42
112	45
112	36
112	45
112	36
113	46
113	36
113	46
113	36
114	36
114	47
114	36
114	47
115	36
115	42
115	36
115	42
116	45
116	36
116	45
116	36
117	36
117	47
117	36
117	47
118	36
118	48
118	36
118	48
119	44
119	49
119	36
119	42
119	44
119	49
119	36
119	42
120	36
120	36
121	36
121	48
121	36
121	48
122	50
122	36
122	50
122	36
123	50
123	36
123	50
123	36
124	51
124	36
124	51
124	36
125	52
125	36
125	52
125	36
126	20
126	36
126	20
126	36
127	38
127	52
127	36
127	38
127	52
127	36
128	20
128	36
128	20
128	36
129	20
129	36
129	20
129	36
130	38
130	36
130	53
130	38
130	36
130	53
131	54
131	36
131	54
131	36
132	54
132	36
132	54
132	36
133	20
133	36
133	20
133	36
134	35
134	36
134	37
134	35
134	36
134	37
135	35
135	36
135	37
135	35
135	36
135	37
136	24
136	36
136	37
136	24
136	36
136	37
137	35
137	36
137	37
137	35
137	36
137	37
138	35
138	36
138	37
138	35
138	36
138	37
139	35
139	36
139	37
139	35
139	36
139	37
140	35
140	36
140	37
140	35
140	36
140	37
141	35
141	44
141	36
141	37
141	35
141	44
141	36
141	37
142	35
142	36
142	37
142	35
142	36
142	37
143	35
143	36
143	37
143	35
143	36
143	37
144	35
144	36
144	37
144	35
144	36
144	37
145	55
145	36
145	55
145	36
146	56
146	56
147	1
147	2
147	3
147	1
147	2
147	3
148	1
148	2
148	3
148	1
148	2
148	3
149	1
149	2
149	3
149	1
149	2
149	3
150	1
150	2
150	3
150	1
150	2
150	3
151	1
151	4
151	2
151	3
151	1
151	4
151	2
151	3
152	1
152	57
152	2
152	3
152	1
152	57
152	2
152	3
153	1
153	57
153	2
153	3
153	1
153	57
153	2
153	3
154	1
154	2
154	3
154	1
154	2
154	3
155	1
155	2
155	3
155	1
155	2
155	3
156	1
156	57
156	2
156	3
156	1
156	57
156	2
156	3
157	1
157	57
157	2
157	3
157	1
157	57
157	2
157	3
158	1
158	57
158	2
158	3
158	1
158	57
158	2
158	3
159	1
159	57
159	2
159	3
159	1
159	57
159	2
159	3
160	1
160	2
160	3
160	1
160	2
160	3
161	1
161	57
161	2
161	3
161	1
161	57
161	2
161	3
162	1
162	2
162	3
162	1
162	2
162	3
163	1
163	2
163	3
163	1
163	2
163	3
164	1
164	2
164	3
164	1
164	2
164	3
165	1
165	2
165	3
165	1
165	2
165	3
166	1
166	2
166	3
166	1
166	2
166	3
167	1
167	2
167	3
167	1
167	2
167	3
169	58
169	1
169	58
169	1
170	58
170	1
170	58
170	1
171	59
171	58
171	60
171	59
171	58
171	60
172	61
172	62
172	61
172	62
173	63
173	63
174	64
174	65
174	66
174	67
174	68
174	69
174	70
174	71
174	72
174	73
174	74
174	75
174	64
174	65
174	66
174	67
174	68
174	69
174	70
174	71
174	72
174	73
174	74
174	75
175	76
175	77
175	78
175	79
175	80
175	81
175	8
175	82
175	83
175	84
175	85
175	86
175	75
175	76
175	77
175	78
175	79
175	80
175	81
175	8
175	82
175	83
175	84
175	85
175	86
175	75
177	87
177	1
177	88
177	5
177	89
177	90
177	91
177	92
177	93
177	94
177	95
177	96
177	87
177	1
177	88
177	5
177	89
177	90
177	91
177	92
177	93
177	94
177	95
177	96
178	59
178	58
178	60
178	59
178	58
178	60
179	59
179	58
179	60
179	59
179	58
179	60
180	45
180	5
180	7
180	97
180	98
180	99
180	45
180	5
180	7
180	97
180	98
180	99
181	5
181	6
181	7
181	100
181	101
181	8
181	102
181	103
181	5
181	6
181	7
181	100
181	101
181	8
181	102
181	103
182	5
182	6
182	7
182	100
182	101
182	8
182	102
182	103
182	5
182	6
182	7
182	100
182	101
182	8
182	102
182	103
183	5
183	6
183	7
183	100
183	101
183	8
183	102
183	103
183	5
183	6
183	7
183	100
183	101
183	8
183	102
183	103
184	1
184	88
184	5
184	7
184	104
184	105
184	1
184	88
184	5
184	7
184	104
184	105
185	106
185	5
185	6
185	7
185	100
185	8
185	103
185	106
185	5
185	6
185	7
185	100
185	8
185	103
186	107
186	108
186	109
186	5
186	6
186	110
186	7
186	111
186	112
186	113
186	114
186	115
186	103
186	107
186	108
186	109
186	5
186	6
186	110
186	7
186	111
186	112
186	113
186	114
186	115
186	103
187	1
187	88
187	5
187	7
187	104
187	105
187	1
187	88
187	5
187	7
187	104
187	105
188	107
188	109
188	5
188	116
188	6
188	117
188	118
188	7
188	111
188	119
188	120
188	121
188	122
188	107
188	109
188	5
188	116
188	6
188	117
188	118
188	7
188	111
188	119
188	120
188	121
188	122
189	107
189	109
189	5
189	116
189	6
189	117
189	118
189	7
189	111
189	119
189	120
189	121
189	123
189	122
189	107
189	109
189	5
189	116
189	6
189	117
189	118
189	7
189	111
189	119
189	120
189	121
189	123
189	122
190	107
190	108
190	109
190	5
190	7
190	111
190	112
190	113
190	124
190	115
190	107
190	108
190	109
190	5
190	7
190	111
190	112
190	113
190	124
190	115
191	45
191	5
191	7
191	125
191	98
191	45
191	5
191	7
191	125
191	98
192	107
192	108
192	109
192	5
192	7
192	111
192	112
192	113
192	124
192	114
192	115
192	107
192	108
192	109
192	5
192	7
192	111
192	112
192	113
192	124
192	114
192	115
193	5
193	7
193	5
193	7
194	5
194	7
194	5
194	7
195	5
195	7
195	5
195	7
196	107
196	108
196	109
196	5
196	6
196	110
196	7
196	111
196	112
196	113
196	114
196	115
196	103
196	107
196	108
196	109
196	5
196	6
196	110
196	7
196	111
196	112
196	113
196	114
196	115
196	103
197	107
197	109
197	5
197	116
197	6
197	117
197	118
197	7
197	111
197	119
197	121
197	126
197	127
197	128
197	129
197	107
197	109
197	5
197	116
197	6
197	117
197	118
197	7
197	111
197	119
197	121
197	126
197	127
197	128
197	129
198	5
198	6
198	7
198	130
198	5
198	6
198	7
198	130
201	45
201	7
201	98
201	45
201	7
201	98
202	64
202	131
202	70
202	132
202	133
202	134
202	75
202	64
202	131
202	70
202	132
202	133
202	134
202	75
203	8
203	8
204	8
204	135
204	8
204	135
205	136
205	136
207	20
207	137
207	24
207	138
207	139
207	140
207	134
207	75
207	20
207	137
207	24
207	138
207	139
207	140
207	134
207	75
208	64
208	141
208	142
208	143
208	144
208	70
208	145
208	134
208	75
208	64
208	141
208	142
208	143
208	144
208	70
208	145
208	134
208	75
212	146
212	147
212	146
212	147
213	146
213	147
213	146
213	147
214	146
214	147
214	146
214	147
215	146
215	147
215	146
215	147
217	148
217	148
218	148
218	148
219	148
219	148
221	149
221	150
221	61
221	151
221	152
221	50
221	153
221	154
221	155
221	156
221	157
221	158
221	88
221	5
221	159
221	160
221	161
221	162
221	163
221	164
221	165
221	166
221	167
221	149
221	150
221	61
221	151
221	152
221	50
221	153
221	154
221	155
221	156
221	157
221	158
221	88
221	5
221	159
221	160
221	161
221	162
221	163
221	164
221	165
221	166
221	167
222	64
222	168
222	5
222	6
222	169
222	70
222	170
222	171
222	172
222	75
222	173
222	64
222	168
222	5
222	6
222	169
222	70
222	170
222	171
222	172
222	75
222	173
223	77
223	79
223	174
223	8
223	82
223	83
223	86
223	75
223	77
223	79
223	174
223	8
223	82
223	83
223	86
223	75
224	64
224	79
224	70
224	8
224	75
224	64
224	79
224	70
224	8
224	75
225	175
225	77
225	79
225	176
225	8
225	82
225	83
225	177
225	86
225	75
225	175
225	77
225	79
225	176
225	8
225	82
225	83
225	177
225	86
225	75
226	178
226	77
226	79
226	179
226	8
226	82
226	83
226	86
226	75
226	178
226	77
226	79
226	179
226	8
226	82
226	83
226	86
226	75
227	77
227	88
227	79
227	8
227	82
227	83
227	180
227	86
227	181
227	75
227	77
227	88
227	79
227	8
227	82
227	83
227	180
227	86
227	181
227	75
228	182
228	183
228	77
228	79
228	169
228	8
228	82
228	83
228	86
228	75
228	182
228	183
228	77
228	79
228	169
228	8
228	82
228	83
228	86
228	75
229	77
229	79
229	184
229	185
229	8
229	82
229	83
229	86
229	75
229	77
229	79
229	184
229	185
229	8
229	82
229	83
229	86
229	75
230	77
230	79
230	8
230	186
230	82
230	83
230	86
230	187
230	75
230	77
230	79
230	8
230	186
230	82
230	83
230	86
230	187
230	75
231	77
231	79
231	188
231	189
231	8
231	82
231	83
231	86
231	75
231	77
231	79
231	188
231	189
231	8
231	82
231	83
231	86
231	75
232	77
232	79
232	190
232	188
232	191
232	8
232	82
232	83
232	86
232	75
232	77
232	79
232	190
232	188
232	191
232	8
232	82
232	83
232	86
232	75
233	77
233	192
233	193
233	79
233	188
233	8
233	82
233	83
233	86
233	75
233	77
233	192
233	193
233	79
233	188
233	8
233	82
233	83
233	86
233	75
234	77
234	79
234	8
234	194
234	82
234	83
234	195
234	86
234	75
234	77
234	79
234	8
234	194
234	82
234	83
234	195
234	86
234	75
235	77
235	79
235	8
235	82
235	83
235	195
235	86
235	75
235	77
235	79
235	8
235	82
235	83
235	195
235	86
235	75
236	196
236	77
236	79
236	8
236	82
236	83
236	86
236	197
236	75
236	196
236	77
236	79
236	8
236	82
236	83
236	86
236	197
236	75
237	64
237	88
237	79
237	70
237	8
237	83
237	75
237	64
237	88
237	79
237	70
237	8
237	83
237	75
238	64
238	88
238	79
238	70
238	8
238	83
238	75
238	64
238	88
238	79
238	70
238	8
238	83
238	75
239	79
239	176
239	8
239	82
239	198
239	83
239	86
239	75
239	79
239	176
239	8
239	82
239	198
239	83
239	86
239	75
240	76
240	77
240	79
240	80
240	8
240	82
240	83
240	85
240	86
240	75
240	76
240	77
240	79
240	80
240	8
240	82
240	83
240	85
240	86
240	75
241	199
241	77
241	200
241	79
241	201
241	8
241	82
241	83
241	86
241	75
241	199
241	77
241	200
241	79
241	201
241	8
241	82
241	83
241	86
241	75
242	77
242	79
242	202
242	203
242	8
242	82
242	83
242	86
242	75
242	77
242	79
242	202
242	203
242	8
242	82
242	83
242	86
242	75
243	64
243	88
243	79
243	70
243	8
243	83
243	75
243	64
243	88
243	79
243	70
243	8
243	83
243	75
244	64
244	88
244	79
244	70
244	8
244	83
244	75
244	64
244	88
244	79
244	70
244	8
244	83
244	75
245	77
245	79
245	190
245	202
245	8
245	82
245	83
245	86
245	75
245	77
245	79
245	190
245	202
245	8
245	82
245	83
245	86
245	75
246	77
246	204
246	79
246	8
246	82
246	83
246	86
246	75
246	77
246	204
246	79
246	8
246	82
246	83
246	86
246	75
247	182
247	77
247	79
247	205
247	8
247	82
247	83
247	86
247	75
247	182
247	77
247	79
247	205
247	8
247	82
247	83
247	86
247	75
248	77
248	79
248	190
248	8
248	82
248	83
248	86
248	75
248	77
248	79
248	190
248	8
248	82
248	83
248	86
248	75
249	79
249	206
249	176
249	8
249	82
249	83
249	86
249	75
249	79
249	206
249	176
249	8
249	82
249	83
249	86
249	75
250	207
250	98
250	5
250	7
250	208
250	207
250	98
250	5
250	7
250	208
251	64
251	209
251	183
251	210
251	5
251	6
251	211
251	70
251	212
251	213
251	214
251	75
251	173
251	64
251	209
251	183
251	210
251	5
251	6
251	211
251	70
251	212
251	213
251	214
251	75
251	173
252	183
252	155
252	215
252	216
252	217
252	80
252	169
252	218
252	75
252	183
252	155
252	215
252	216
252	217
252	80
252	169
252	218
252	75
253	151
253	219
253	220
253	151
253	219
253	220
254	221
254	221
255	221
255	221
256	221
256	221
257	221
257	221
258	207
258	6
258	222
258	223
258	224
258	134
258	75
258	173
258	207
258	6
258	222
258	223
258	224
258	134
258	75
258	173
259	64
259	225
259	153
259	226
259	227
259	6
259	70
259	228
259	75
259	229
259	173
259	64
259	225
259	153
259	226
259	227
259	6
259	70
259	228
259	75
259	229
259	173
260	230
260	231
260	6
260	207
260	232
260	230
260	231
260	6
260	207
260	232
261	230
261	231
261	6
261	207
261	232
261	230
261	231
261	6
261	207
261	232
262	230
262	231
262	6
262	207
262	232
262	230
262	231
262	6
262	207
262	232
263	230
263	231
263	6
263	207
263	232
263	230
263	231
263	6
263	207
263	232
264	230
264	231
264	6
264	207
264	232
264	230
264	231
264	6
264	207
264	232
265	230
265	231
265	6
265	207
265	232
265	230
265	231
265	6
265	207
265	232
266	230
266	231
266	6
266	207
266	232
266	230
266	231
266	6
266	207
266	232
267	230
267	231
267	6
267	207
267	232
267	230
267	231
267	6
267	207
267	232
268	230
268	231
268	6
268	207
268	232
268	230
268	231
268	6
268	207
268	232
269	230
269	231
269	6
269	207
269	232
269	230
269	231
269	6
269	207
269	232
270	230
270	231
270	6
270	207
270	232
270	230
270	231
270	6
270	207
270	232
271	230
271	231
271	6
271	207
271	232
271	230
271	231
271	6
271	207
271	232
272	230
272	231
272	6
272	207
272	232
272	230
272	231
272	6
272	207
272	232
273	230
273	231
273	6
273	207
273	232
273	230
273	231
273	6
273	207
273	232
274	230
274	231
274	6
274	232
274	207
274	230
274	231
274	6
274	232
274	207
275	230
275	231
275	6
275	207
275	232
275	230
275	231
275	6
275	207
275	232
276	87
276	1
276	88
276	5
276	89
276	90
276	91
276	92
276	93
276	94
276	95
276	96
276	87
276	1
276	88
276	5
276	89
276	90
276	91
276	92
276	93
276	94
276	95
276	96
277	87
277	1
277	233
277	88
277	5
277	89
277	234
277	90
277	91
277	93
277	94
277	95
277	96
277	87
277	1
277	233
277	88
277	5
277	89
277	234
277	90
277	91
277	93
277	94
277	95
277	96
287	235
287	236
287	237
287	238
287	235
287	236
287	237
287	238
290	239
290	240
290	241
290	87
290	242
290	243
290	7
290	244
290	98
290	239
290	240
290	241
290	87
290	242
290	243
290	7
290	244
290	98
291	182
291	245
291	216
291	192
291	79
291	246
291	8
291	247
291	248
291	75
291	182
291	245
291	216
291	192
291	79
291	246
291	8
291	247
291	248
291	75
292	182
292	249
292	77
292	79
292	250
292	246
292	8
292	247
292	248
292	75
292	182
292	249
292	77
292	79
292	250
292	246
292	8
292	247
292	248
292	75
293	251
293	137
293	252
293	65
293	253
293	254
293	255
293	256
293	257
293	258
293	73
293	74
293	75
293	251
293	137
293	252
293	65
293	253
293	254
293	255
293	256
293	257
293	258
293	73
293	74
293	75
294	65
294	259
294	255
294	257
294	258
294	73
294	74
294	75
294	65
294	259
294	255
294	257
294	258
294	73
294	74
294	75
295	65
295	260
295	261
295	255
295	262
295	257
295	258
295	73
295	74
295	75
295	65
295	260
295	261
295	255
295	262
295	257
295	258
295	73
295	74
295	75
296	137
296	65
296	263
296	264
296	265
296	255
296	257
296	258
296	73
296	74
296	75
296	137
296	65
296	263
296	264
296	265
296	255
296	257
296	258
296	73
296	74
296	75
297	137
297	65
297	266
297	255
297	257
297	258
297	73
297	74
297	75
297	137
297	65
297	266
297	255
297	257
297	258
297	73
297	74
297	75
298	241
298	267
298	65
298	259
298	255
298	257
298	258
298	73
298	74
298	75
298	241
298	267
298	65
298	259
298	255
298	257
298	258
298	73
298	74
298	75
299	65
299	253
299	268
299	269
299	255
299	257
299	258
299	73
299	74
299	75
299	65
299	253
299	268
299	269
299	255
299	257
299	258
299	73
299	74
299	75
300	182
300	178
300	270
300	65
300	271
300	272
300	273
300	274
300	275
300	276
300	255
300	257
300	258
300	73
300	74
300	75
300	182
300	178
300	270
300	65
300	271
300	272
300	273
300	274
300	275
300	276
300	255
300	257
300	258
300	73
300	74
300	75
301	153
301	277
301	261
301	255
301	257
301	258
301	278
301	73
301	74
301	75
301	153
301	277
301	261
301	255
301	257
301	258
301	278
301	73
301	74
301	75
302	279
302	65
302	280
302	169
302	281
302	255
302	257
302	258
302	73
302	74
302	75
302	279
302	65
302	280
302	169
302	281
302	255
302	257
302	258
302	73
302	74
302	75
303	153
303	227
303	282
303	261
303	255
303	257
303	258
303	278
303	73
303	74
303	75
303	153
303	227
303	282
303	261
303	255
303	257
303	258
303	278
303	73
303	74
303	75
304	153
304	277
304	261
304	255
304	257
304	258
304	278
304	73
304	74
304	75
304	153
304	277
304	261
304	255
304	257
304	258
304	278
304	73
304	74
304	75
305	153
305	277
305	261
305	255
305	257
305	258
305	278
305	73
305	74
305	75
305	283
305	284
305	153
305	277
305	261
305	255
305	257
305	258
305	278
305	73
305	74
305	75
305	283
305	284
306	285
306	65
306	286
306	78
306	287
306	254
306	255
306	257
306	258
306	73
306	74
306	75
306	288
306	285
306	65
306	286
306	78
306	287
306	254
306	255
306	257
306	258
306	73
306	74
306	75
306	288
307	65
307	157
307	253
307	261
307	255
307	257
307	258
307	278
307	73
307	74
307	75
307	65
307	157
307	253
307	261
307	255
307	257
307	258
307	278
307	73
307	74
307	75
308	65
308	289
308	290
308	291
308	255
308	257
308	258
308	73
308	74
308	75
308	65
308	289
308	290
308	291
308	255
308	257
308	258
308	73
308	74
308	75
309	20
309	292
309	65
309	293
309	294
309	255
309	257
309	258
309	73
309	74
309	75
309	20
309	292
309	65
309	293
309	294
309	255
309	257
309	258
309	73
309	74
309	75
310	182
310	65
310	295
310	255
310	257
310	258
310	73
310	74
310	75
310	182
310	65
310	295
310	255
310	257
310	258
310	73
310	74
310	75
311	251
311	296
311	175
311	297
311	252
311	65
311	295
311	298
311	254
311	255
311	257
311	258
311	73
311	74
311	75
311	251
311	296
311	175
311	297
311	252
311	65
311	295
311	298
311	254
311	255
311	257
311	258
311	73
311	74
311	75
312	65
312	299
312	265
312	255
312	257
312	258
312	73
312	74
312	75
312	65
312	299
312	265
312	255
312	257
312	258
312	73
312	74
312	75
313	300
313	76
313	65
313	301
313	143
313	302
313	255
313	257
313	258
313	73
313	74
313	75
313	300
313	76
313	65
313	301
313	143
313	302
313	255
313	257
313	258
313	73
313	74
313	75
314	303
314	304
314	65
314	192
314	305
314	255
314	257
314	258
314	73
314	74
314	75
314	303
314	304
314	65
314	192
314	305
314	255
314	257
314	258
314	73
314	74
314	75
315	65
315	306
315	307
315	255
315	257
315	258
315	308
315	73
315	74
315	75
315	65
315	306
315	307
315	255
315	257
315	258
315	308
315	73
315	74
315	75
316	137
316	153
316	65
316	309
316	310
316	311
316	312
316	255
316	257
316	258
316	73
316	74
316	75
316	137
316	153
316	65
316	309
316	310
316	311
316	312
316	255
316	257
316	258
316	73
316	74
316	75
317	251
317	65
317	313
317	314
317	255
317	257
317	258
317	73
317	74
317	75
317	251
317	65
317	313
317	314
317	255
317	257
317	258
317	73
317	74
317	75
318	65
318	315
318	316
318	255
318	257
318	258
318	73
318	74
318	75
318	65
318	315
318	316
318	255
318	257
318	258
318	73
318	74
318	75
319	317
319	65
319	318
319	319
319	254
319	255
319	257
319	258
319	73
319	74
319	75
319	317
319	65
319	318
319	319
319	254
319	255
319	257
319	258
319	73
319	74
319	75
320	65
320	320
320	318
320	319
320	255
320	257
320	258
320	73
320	74
320	75
320	65
320	320
320	318
320	319
320	255
320	257
320	258
320	73
320	74
320	75
321	267
321	65
321	321
321	255
321	257
321	258
321	73
321	74
321	75
321	322
321	267
321	65
321	321
321	255
321	257
321	258
321	73
321	74
321	75
321	322
322	323
322	65
322	138
322	261
322	255
322	257
322	258
322	73
322	74
322	75
322	283
322	284
322	323
322	65
322	138
322	261
322	255
322	257
322	258
322	73
322	74
322	75
322	283
322	284
323	49
323	324
323	325
323	261
323	326
323	255
323	257
323	258
323	73
323	74
323	75
323	283
323	284
323	49
323	324
323	325
323	261
323	326
323	255
323	257
323	258
323	73
323	74
323	75
323	283
323	284
324	65
324	327
324	328
324	69
324	255
324	257
324	258
324	73
324	74
324	75
324	65
324	327
324	328
324	69
324	255
324	257
324	258
324	73
324	74
324	75
325	65
325	329
325	330
325	331
325	255
325	257
325	258
325	73
325	74
325	75
325	65
325	329
325	330
325	331
325	255
325	257
325	258
325	73
325	74
325	75
326	296
326	65
326	332
326	255
326	257
326	258
326	73
326	74
326	75
326	288
326	296
326	65
326	332
326	255
326	257
326	258
326	73
326	74
326	75
326	288
327	333
327	199
327	153
327	65
327	255
327	257
327	258
327	73
327	74
327	75
327	333
327	199
327	153
327	65
327	255
327	257
327	258
327	73
327	74
327	75
328	242
328	65
328	334
328	335
328	261
328	255
328	257
328	258
328	73
328	74
328	75
328	242
328	65
328	334
328	335
328	261
328	255
328	257
328	258
328	73
328	74
328	75
329	279
329	292
329	65
329	255
329	257
329	258
329	73
329	74
329	75
329	279
329	292
329	65
329	255
329	257
329	258
329	73
329	74
329	75
330	153
330	277
330	261
330	255
330	257
330	258
330	278
330	73
330	74
330	75
330	153
330	277
330	261
330	255
330	257
330	258
330	278
330	73
330	74
330	75
331	251
331	336
331	272
331	337
331	338
331	261
331	255
331	257
331	258
331	73
331	74
331	75
331	251
331	336
331	272
331	337
331	338
331	261
331	255
331	257
331	258
331	73
331	74
331	75
332	153
332	339
332	340
332	261
332	255
332	257
332	258
332	278
332	73
332	74
332	75
332	283
332	284
332	153
332	339
332	340
332	261
332	255
332	257
332	258
332	278
332	73
332	74
332	75
332	283
332	284
333	341
333	272
333	260
333	69
333	261
333	255
333	257
333	258
333	73
333	74
333	75
333	341
333	272
333	260
333	69
333	261
333	255
333	257
333	258
333	73
333	74
333	75
334	153
334	261
334	255
334	257
334	258
334	278
334	73
334	74
334	75
334	153
334	261
334	255
334	257
334	258
334	278
334	73
334	74
334	75
335	241
335	338
335	261
335	255
335	257
335	258
335	73
335	74
335	75
335	241
335	338
335	261
335	255
335	257
335	258
335	73
335	74
335	75
336	300
336	342
336	65
336	253
336	272
336	343
336	344
336	255
336	257
336	258
336	73
336	74
336	75
336	300
336	342
336	65
336	253
336	272
336	343
336	344
336	255
336	257
336	258
336	73
336	74
336	75
357	345
357	241
357	71
357	231
357	346
357	75
357	345
357	241
357	71
357	231
357	346
357	75
358	77
358	79
358	190
358	188
358	246
358	8
358	247
358	248
358	75
358	77
358	79
358	190
358	188
358	246
358	8
358	247
358	248
358	75
359	347
359	348
359	79
359	246
359	8
359	349
359	180
359	247
359	248
359	181
359	75
359	347
359	348
359	79
359	246
359	8
359	349
359	180
359	247
359	248
359	181
359	75
360	79
360	246
360	8
360	350
360	247
360	248
360	75
360	79
360	246
360	8
360	350
360	247
360	248
360	75
361	79
361	246
361	351
361	8
361	247
361	248
361	75
361	79
361	246
361	351
361	8
361	247
361	248
361	75
362	77
362	79
362	352
362	246
362	8
362	353
362	247
362	248
362	75
362	77
362	79
362	352
362	246
362	8
362	353
362	247
362	248
362	75
363	79
363	246
363	8
363	354
363	247
363	248
363	75
363	79
363	246
363	8
363	354
363	247
363	248
363	75
364	79
364	190
364	188
364	294
364	246
364	8
364	247
364	248
364	75
364	79
364	190
364	188
364	294
364	246
364	8
364	247
364	248
364	75
365	79
365	179
365	246
365	8
365	355
365	247
365	248
365	75
365	79
365	179
365	246
365	8
365	355
365	247
365	248
365	75
366	77
366	79
366	190
366	356
366	246
366	8
366	247
366	248
366	75
366	77
366	79
366	190
366	356
366	246
366	8
366	247
366	248
366	75
367	357
367	292
367	79
367	188
367	246
367	8
367	247
367	248
367	75
367	357
367	292
367	79
367	188
367	246
367	8
367	247
367	248
367	75
368	155
368	217
368	79
368	188
368	246
368	8
368	247
368	248
368	75
368	155
368	217
368	79
368	188
368	246
368	8
368	247
368	248
368	75
369	77
369	79
369	358
369	359
369	246
369	8
369	360
369	247
369	248
369	75
369	77
369	79
369	358
369	359
369	246
369	8
369	360
369	247
369	248
369	75
370	79
370	188
370	356
370	246
370	8
370	361
370	247
370	248
370	75
370	79
370	188
370	356
370	246
370	8
370	361
370	247
370	248
370	75
371	77
371	79
371	190
371	362
371	246
371	8
371	247
371	248
371	75
371	77
371	79
371	190
371	362
371	246
371	8
371	247
371	248
371	75
372	178
372	79
372	246
372	8
372	363
372	247
372	248
372	75
372	178
372	79
372	246
372	8
372	363
372	247
372	248
372	75
373	77
373	79
373	190
373	246
373	8
373	360
373	247
373	248
373	75
373	77
373	79
373	190
373	246
373	8
373	360
373	247
373	248
373	75
374	79
374	188
374	364
374	203
374	246
374	8
374	247
374	248
374	75
374	79
374	188
374	364
374	203
374	246
374	8
374	247
374	248
374	75
375	199
375	79
375	188
375	246
375	8
375	365
375	366
375	247
375	248
375	75
375	199
375	79
375	188
375	246
375	8
375	365
375	366
375	247
375	248
375	75
376	151
376	367
376	368
376	369
376	370
376	371
376	372
376	373
376	374
376	375
376	376
376	377
376	378
376	135
376	151
376	367
376	368
376	369
376	370
376	371
376	372
376	373
376	374
376	375
376	376
376	377
376	378
376	135
377	304
377	5
377	379
377	6
377	380
377	7
377	381
377	382
377	304
377	5
377	379
377	6
377	380
377	7
377	381
377	382
378	383
378	384
378	175
378	279
378	385
378	386
378	387
378	388
378	6
378	389
378	7
378	390
378	391
378	383
378	384
378	175
378	279
378	385
378	386
378	387
378	388
378	6
378	389
378	7
378	390
378	391
379	392
379	38
379	393
379	5
379	6
379	394
379	395
379	396
379	397
379	135
379	392
379	38
379	393
379	5
379	6
379	394
379	395
379	396
379	397
379	135
380	398
380	399
380	279
380	400
380	401
380	286
380	5
380	402
380	403
380	6
380	404
380	405
380	406
380	407
380	408
380	409
380	135
380	410
380	411
380	398
380	399
380	279
380	400
380	401
380	286
380	5
380	402
380	403
380	6
380	404
380	405
380	406
380	407
380	408
380	409
380	135
380	410
380	411
382	240
382	304
382	151
382	412
382	158
382	413
382	414
382	415
382	416
382	293
382	49
382	417
382	135
382	240
382	304
382	151
382	412
382	158
382	413
382	414
382	415
382	416
382	293
382	49
382	417
382	135
383	418
383	226
383	6
383	169
383	70
383	419
383	420
383	213
383	214
383	75
383	173
383	418
383	226
383	6
383	169
383	70
383	419
383	420
383	213
383	214
383	75
383	173
384	64
384	421
384	70
384	134
384	75
384	64
384	421
384	70
384	134
384	75
385	422
385	6
385	423
385	422
385	6
385	423
386	422
386	6
386	424
386	425
386	423
386	422
386	6
386	424
386	425
386	423
387	422
387	6
387	423
387	422
387	6
387	423
388	426
388	422
388	6
388	427
388	428
388	426
388	422
388	6
388	427
388	428
389	426
389	422
389	6
389	429
389	426
389	422
389	6
389	429
390	430
390	371
390	431
390	430
390	371
390	431
391	418
391	432
391	433
391	70
391	434
391	75
391	418
391	432
391	433
391	70
391	434
391	75
392	252
392	65
392	253
392	259
392	254
392	255
392	257
392	258
392	73
392	74
392	75
392	252
392	65
392	253
392	259
392	254
392	255
392	257
392	258
392	73
392	74
392	75
393	65
393	435
393	332
393	110
393	436
393	255
393	257
393	258
393	73
393	74
393	75
393	288
393	65
393	435
393	332
393	110
393	436
393	255
393	257
393	258
393	73
393	74
393	75
393	288
394	279
394	292
394	65
394	255
394	257
394	258
394	73
394	74
394	75
394	279
394	292
394	65
394	255
394	257
394	258
394	73
394	74
394	75
395	178
395	304
395	65
395	192
395	437
395	255
395	257
395	258
395	73
395	74
395	75
395	178
395	304
395	65
395	192
395	437
395	255
395	257
395	258
395	73
395	74
395	75
396	317
396	65
396	318
396	319
396	255
396	257
396	258
396	73
396	74
396	75
396	317
396	65
396	318
396	319
396	255
396	257
396	258
396	73
396	74
396	75
397	65
397	438
397	265
397	420
397	255
397	257
397	258
397	73
397	74
397	75
397	65
397	438
397	265
397	420
397	255
397	257
397	258
397	73
397	74
397	75
398	439
398	65
398	216
398	440
398	441
398	255
398	257
398	258
398	442
398	73
398	74
398	75
398	439
398	65
398	216
398	440
398	441
398	255
398	257
398	258
398	442
398	73
398	74
398	75
399	65
399	69
399	443
399	255
399	257
399	258
399	73
399	74
399	75
399	65
399	69
399	443
399	255
399	257
399	258
399	73
399	74
399	75
400	227
400	444
400	261
400	255
400	257
400	258
400	73
400	74
400	75
400	283
400	284
400	227
400	444
400	261
400	255
400	257
400	258
400	73
400	74
400	75
400	283
400	284
401	251
401	445
401	65
401	446
401	309
401	255
401	257
401	258
401	73
401	74
401	75
401	251
401	445
401	65
401	446
401	309
401	255
401	257
401	258
401	73
401	74
401	75
402	447
402	65
402	448
402	255
402	257
402	258
402	73
402	74
402	75
402	447
402	65
402	448
402	255
402	257
402	258
402	73
402	74
402	75
403	65
403	216
403	341
403	436
403	255
403	257
403	258
403	73
403	74
403	75
403	65
403	216
403	341
403	436
403	255
403	257
403	258
403	73
403	74
403	75
404	304
404	279
404	65
404	192
404	449
404	450
404	255
404	257
404	258
404	73
404	74
404	75
404	304
404	279
404	65
404	192
404	449
404	450
404	255
404	257
404	258
404	73
404	74
404	75
405	304
405	192
405	261
405	255
405	257
405	258
405	73
405	74
405	75
405	304
405	192
405	261
405	255
405	257
405	258
405	73
405	74
405	75
406	178
406	65
406	272
406	337
406	451
406	255
406	257
406	258
406	73
406	74
406	75
406	178
406	65
406	272
406	337
406	451
406	255
406	257
406	258
406	73
406	74
406	75
407	338
407	261
407	452
407	255
407	257
407	258
407	73
407	74
407	75
407	283
407	284
407	338
407	261
407	452
407	255
407	257
407	258
407	73
407	74
407	75
407	283
407	284
408	65
408	260
408	436
408	255
408	257
408	258
408	73
408	74
408	75
408	65
408	260
408	436
408	255
408	257
408	258
408	73
408	74
408	75
409	338
409	261
409	452
409	255
409	257
409	258
409	73
409	74
409	75
409	338
409	261
409	452
409	255
409	257
409	258
409	73
409	74
409	75
410	65
410	294
410	453
410	255
410	454
410	257
410	258
410	73
410	74
410	75
410	65
410	294
410	453
410	255
410	454
410	257
410	258
410	73
410	74
410	75
411	455
411	386
411	65
411	204
411	456
411	253
411	6
411	332
411	457
411	254
411	255
411	257
411	258
411	73
411	74
411	75
411	173
411	455
411	386
411	65
411	204
411	456
411	253
411	6
411	332
411	457
411	254
411	255
411	257
411	258
411	73
411	74
411	75
411	173
412	458
412	175
412	65
412	459
412	254
412	255
412	257
412	258
412	73
412	74
412	75
412	458
412	175
412	65
412	459
412	254
412	255
412	257
412	258
412	73
412	74
412	75
413	270
413	65
413	460
413	461
413	462
413	255
413	257
413	258
413	73
413	74
413	75
413	270
413	65
413	460
413	461
413	462
413	255
413	257
413	258
413	73
413	74
413	75
414	303
414	65
414	188
414	309
414	179
414	255
414	257
414	463
414	258
414	73
414	74
414	75
414	303
414	65
414	188
414	309
414	179
414	255
414	257
414	463
414	258
414	73
414	74
414	75
415	333
415	241
415	65
415	464
415	255
415	257
415	258
415	73
415	74
415	75
415	333
415	241
415	65
415	464
415	255
415	257
415	258
415	73
415	74
415	75
416	153
416	65
416	253
416	331
416	254
416	255
416	257
416	258
416	73
416	74
416	75
416	288
416	153
416	65
416	253
416	331
416	254
416	255
416	257
416	258
416	73
416	74
416	75
416	288
417	65
417	157
417	253
417	465
417	255
417	257
417	258
417	73
417	74
417	75
417	65
417	157
417	253
417	465
417	255
417	257
417	258
417	73
417	74
417	75
418	65
418	254
418	255
418	466
418	257
418	258
418	73
418	74
418	75
418	65
418	254
418	255
418	466
418	257
418	258
418	73
418	74
418	75
419	467
419	65
419	185
419	420
419	312
419	255
419	257
419	258
419	73
419	74
419	75
419	467
419	65
419	185
419	420
419	312
419	255
419	257
419	258
419	73
419	74
419	75
420	65
420	334
420	192
420	272
420	441
420	255
420	257
420	258
420	468
420	73
420	74
420	75
420	65
420	334
420	192
420	272
420	441
420	255
420	257
420	258
420	468
420	73
420	74
420	75
421	469
421	470
421	471
421	472
421	473
421	75
421	469
421	470
421	471
421	472
421	473
421	75
422	474
422	475
422	476
422	477
422	473
422	75
422	474
422	475
422	476
422	477
422	473
422	75
423	478
423	67
423	472
423	473
423	75
423	478
423	67
423	472
423	473
423	75
424	479
424	480
424	69
424	481
424	340
424	472
424	473
424	75
424	479
424	480
424	69
424	481
424	340
424	472
424	473
424	75
425	154
425	482
425	134
425	75
425	154
425	482
425	134
425	75
426	56
426	199
426	154
426	482
426	483
426	134
426	75
426	56
426	199
426	154
426	482
426	483
426	134
426	75
427	484
427	154
427	485
427	68
427	486
427	482
427	487
427	134
427	75
427	484
427	154
427	485
427	68
427	486
427	482
427	487
427	134
427	75
428	439
428	216
428	440
428	441
428	434
428	488
428	75
428	439
428	216
428	440
428	441
428	434
428	488
428	75
429	439
429	157
429	216
429	440
429	441
429	434
429	488
429	75
429	439
429	157
429	216
429	440
429	441
429	434
429	488
429	75
430	183
430	210
430	216
430	489
430	434
430	488
430	75
430	183
430	210
430	216
430	489
430	434
430	488
430	75
431	183
431	490
431	434
431	488
431	75
431	183
431	490
431	434
431	488
431	75
432	333
432	458
432	491
432	492
432	493
432	494
432	75
432	333
432	458
432	491
432	492
432	493
432	494
432	75
433	491
433	492
433	295
433	495
433	143
433	176
433	493
433	496
433	497
433	498
433	494
433	499
433	491
433	492
433	295
433	495
433	143
433	176
433	493
433	496
433	497
433	498
433	494
433	499
434	491
434	500
434	492
434	501
434	493
434	494
434	180
434	181
434	491
434	500
434	492
434	501
434	493
434	494
434	180
434	181
435	56
435	251
435	199
435	249
435	502
435	503
435	504
435	483
435	134
435	505
435	506
435	507
435	508
435	509
435	75
435	56
435	251
435	199
435	249
435	502
435	503
435	504
435	483
435	134
435	505
435	506
435	507
435	508
435	509
435	75
436	65
436	204
436	253
436	332
436	254
436	255
436	257
436	258
436	73
436	74
436	75
436	65
436	204
436	253
436	332
436	254
436	255
436	257
436	258
436	73
436	74
436	75
437	304
437	65
437	192
437	255
437	257
437	258
437	73
437	74
437	75
437	304
437	65
437	192
437	255
437	257
437	258
437	73
437	74
437	75
438	304
438	65
438	226
438	449
438	510
438	255
438	257
438	258
438	73
438	74
438	75
438	304
438	65
438	226
438	449
438	510
438	255
438	257
438	258
438	73
438	74
438	75
439	467
439	65
439	185
439	420
439	312
439	255
439	257
439	258
439	73
439	74
439	75
439	467
439	65
439	185
439	420
439	312
439	255
439	257
439	258
439	73
439	74
439	75
440	467
440	65
440	185
440	420
440	312
440	255
440	257
440	258
440	73
440	74
440	75
440	467
440	65
440	185
440	420
440	312
440	255
440	257
440	258
440	73
440	74
440	75
441	481
441	340
441	511
441	512
441	472
441	473
441	75
441	481
441	340
441	511
441	512
441	472
441	473
441	75
442	175
442	513
442	514
442	515
442	476
442	473
442	75
442	175
442	513
442	514
442	515
442	476
442	473
442	75
443	516
443	517
443	518
443	472
443	519
443	473
443	75
443	516
443	517
443	518
443	472
443	519
443	473
443	75
445	484
445	199
445	485
445	434
445	520
445	483
445	75
445	484
445	199
445	485
445	434
445	520
445	483
445	75
446	484
446	154
446	521
446	485
446	522
446	482
446	134
446	75
446	523
446	484
446	154
446	521
446	485
446	522
446	482
446	134
446	75
446	523
448	6
448	524
448	7
448	6
448	524
448	7
449	6
449	524
449	7
449	6
449	524
449	7
450	6
450	524
450	7
450	6
450	524
450	7
451	6
451	524
451	7
451	6
451	524
451	7
452	6
452	524
452	7
452	6
452	524
452	7
453	6
453	524
453	7
453	6
453	524
453	7
454	6
454	524
454	7
454	6
454	524
454	7
455	6
455	524
455	7
455	6
455	524
455	7
456	6
456	524
456	7
456	6
456	524
456	7
457	6
457	524
457	7
457	6
457	524
457	7
458	44
458	525
458	105
458	44
458	525
458	105
459	39
459	526
459	105
459	39
459	526
459	105
460	527
460	39
460	105
460	527
460	39
460	105
461	44
461	105
461	44
461	105
462	44
462	6
462	44
462	6
463	525
463	105
463	525
463	105
464	105
464	105
465	44
465	105
465	44
465	105
466	38
466	528
466	105
466	529
466	38
466	528
466	105
466	529
467	38
467	105
467	530
467	38
467	105
467	530
468	50
468	39
468	105
468	50
468	39
468	105
469	44
469	105
469	44
469	105
470	87
470	7
470	8
470	531
470	532
470	87
470	7
470	8
470	531
470	532
471	533
471	533
472	51
472	534
472	535
472	536
472	537
472	538
472	75
472	51
472	534
472	535
472	536
472	537
472	538
472	75
473	539
473	534
473	185
473	540
473	537
473	541
473	538
473	75
473	539
473	534
473	185
473	540
473	537
473	541
473	538
473	75
474	219
474	51
474	534
474	185
474	542
474	536
474	537
474	441
474	538
474	75
474	543
474	219
474	51
474	534
474	185
474	542
474	536
474	537
474	441
474	538
474	75
474	543
475	534
475	185
475	537
475	75
475	534
475	185
475	537
475	75
476	534
476	185
476	542
476	536
476	537
476	544
476	545
476	538
476	75
476	543
476	534
476	185
476	542
476	536
476	537
476	544
476	545
476	538
476	75
476	543
477	76
477	534
477	301
477	185
477	542
477	537
477	451
477	546
477	85
477	75
477	76
477	534
477	301
477	185
477	542
477	537
477	451
477	546
477	85
477	75
478	87
478	547
478	548
478	7
478	549
478	550
478	531
478	551
478	87
478	547
478	548
478	7
478	549
478	550
478	531
478	551
479	552
479	553
479	554
479	552
479	553
479	554
481	491
481	492
481	493
481	497
481	494
481	555
481	491
481	492
481	493
481	497
481	494
481	555
482	491
482	492
482	493
482	494
482	491
482	492
482	493
482	494
483	491
483	556
483	492
483	79
483	493
483	494
483	75
483	491
483	556
483	492
483	79
483	493
483	494
483	75
484	347
484	491
484	492
484	495
484	493
484	557
484	558
484	75
484	347
484	491
484	492
484	495
484	493
484	557
484	558
484	75
485	491
485	492
485	559
485	493
485	558
485	491
485	492
485	559
485	493
485	558
486	491
486	492
486	220
486	79
486	493
486	558
486	75
486	491
486	492
486	220
486	79
486	493
486	558
486	75
487	491
487	492
487	560
487	493
487	558
487	491
487	492
487	560
487	493
487	558
488	1
488	561
488	5
488	6
488	562
488	563
488	75
488	173
488	1
488	561
488	5
488	6
488	562
488	563
488	75
488	173
489	219
489	185
489	441
489	564
489	473
489	75
489	219
489	185
489	441
489	564
489	473
489	75
490	76
490	66
490	564
490	473
490	75
490	76
490	66
490	564
490	473
490	75
491	76
491	66
491	564
491	473
491	75
491	76
491	66
491	564
491	473
491	75
492	565
492	566
492	565
492	566
493	566
493	566
494	56
494	199
494	154
494	567
494	502
494	483
494	134
494	568
494	75
494	56
494	199
494	154
494	567
494	502
494	483
494	134
494	568
494	75
495	154
495	485
495	569
495	570
495	571
495	572
495	134
495	75
495	154
495	485
495	569
495	570
495	571
495	572
495	134
495	75
496	56
496	199
496	249
496	178
496	153
496	154
496	483
496	134
496	505
496	573
496	574
496	575
496	576
496	509
496	75
496	56
496	199
496	249
496	178
496	153
496	154
496	483
496	134
496	505
496	573
496	574
496	575
496	576
496	509
496	75
497	577
497	23
497	578
497	579
497	88
497	580
497	159
497	7
497	581
497	582
497	583
497	584
497	26
497	585
497	29
497	586
497	587
497	577
497	23
497	578
497	579
497	88
497	580
497	159
497	7
497	581
497	582
497	583
497	584
497	26
497	585
497	29
497	586
497	587
498	577
498	23
498	578
498	579
498	88
498	580
498	159
498	588
498	7
498	581
498	582
498	583
498	584
498	26
498	585
498	29
498	586
498	587
498	577
498	23
498	578
498	579
498	88
498	580
498	159
498	588
498	7
498	581
498	582
498	583
498	584
498	26
498	585
498	29
498	586
498	587
499	35
499	5
499	7
499	589
499	590
499	35
499	5
499	7
499	589
499	590
500	35
500	5
500	7
500	589
500	590
500	35
500	5
500	7
500	589
500	590
