10
6
6
6
4
4
6
10
10
10
4
4
7
4
4
10
7
4
4
7
9
7
4
2
4
10
5
8
4
8
4
4
10
4
4
8
4
4
4
8
4
8
7
7
4
2
6
10
2
6
7
4
8
10
2
4
5
4
5
5
8
4
4
4
2
4
8
8
10
4
8
2
10
2
4
2
8
4
4
4
2
4
7
4
10
8
4
10
3
4
4
7
4
3
7
4
10
8
4
4
4
10
2
2
6
4
4
3
4
4
4
4
9
7
4
3
7
4
4
4
4
4
4
4
8
8
8
4
4
4
3
4
4
3
3
4
3
3
7
2
4
3
3
3
10
4
9
4
4
10
4
4
3
10
7
4
4
4
4
4
8
4
4
3
4
5
10
2
2
3
7
2
8
4
7
4
9
4
4
10
4
4
10
2
4
4
4
7
7
4
2
10
4
4
4
7
7
4
10
4
4
2
7
7
7
10
2
4
4
2
3
6
6
6
6
6
10
4
7
4
4
4
10
10
4
8
10
7
4
4
8
4
8
4
7
8
4
4
4
7
7
4
4
7
4
7
7
8
7
7
10
8
8
8
3
4
7
4
8
10
7
2
7
7
4
7
7
7
7
7
7
7
7
7
4
10
4
8
7
4
4
3
4
4
10
8
2
2
10
2
2
8
5
4
7
7
7
7
7
7
7
4
7
7
7
7
7
8
4
7
4
8
4
5
4
8
7
7
7
7
7
7
7
8
2
4
8
7
4
7
8
4
4
4
8
10
4
8
8
7
9
4
7
4
4
7
10
7
2
7
3
5
7
4
4
7
7
8
7
5
8
7
7
7
4
4
4
8
7
4
4
7
5
4
7
7
8
7
4
7
3
7
4
7
4
4
7
7
5
7
8
4
7
7
10
7
7
4
7
7
4
5
8
7
4
4
7
5
7
3
4
3
7
4
7
8
7
7
7
7
7
7
8
7
7
3
8
7
7
7
4
7
7
4
7
7
7
7
7
7
7
7
7
7
7
4
9
7
7
7
2
5
7
7
9
4
4
7
7
7
7
10
7
7
2
6
4
4
8
7
7
9
7
5
4
3
9
7
7
4
4
4
4
4
10
7
4
4
4
1
9
4
7
4
4
4
3
7
4
4
