1	1	1
1	2	0.997295
1	3	0.998303
1	4	0.999266
1	5	0.99947
1	6	0.999849
1	7	0.99975
1	8	0.999584
1	9	0.998872
1	10	0.997716
1	11	0.999837
1	12	0.999639
1	13	0.9997
1	14	0.920677
1	15	0.973163
1	16	0.798172
1	17	0.80802
1	18	0.999047
1	19	0.999945
1	20	0.999278
1	21	0.99995
1	22	0.8167
1	23	0.98364
1	24	0.902394
1	25	0.902583
1	26	0.902167
1	27	0.908
1	28	0.983783
1	29	0.90063
1	30	0.958159
1	31	0.94661
1	32	0.972321
1	33	0.944795
1	34	0.86069
1	35	0.902969
1	36	0.999055
1	37	0.854257
1	38	0.973569
1	39	0.864109
1	40	0.973138
1	41	0.930132
1	42	0.930174
1	43	0.901218
1	44	0.972965
1	45	0.945113
1	46	0.902769
1	47	0.932511
1	48	0.999404
1	49	0.96841
1	50	0.964149
1	51	0.931905
1	52	0.864417
1	53	0.869985
1	54	0.947768
1	55	0.972684
1	56	0.907402
1	57	0.951723
1	58	0.951849
1	59	0.902669
1	60	0.948753
1	61	0.95024
1	62	0.951561
1	63	0.860968
1	64	0.860997
1	65	0.933844
1	66	0.902569
1	67	0.946043
1	68	0.991923
1	69	0.95143
1	70	0.947404
1	71	0.947408
1	72	0.946247
1	73	0.960818
1	74	0.950263
1	75	0.946617
1	76	0.947702
1	77	0.952443
1	78	0.942992
1	79	0.947208
1	80	0.984587
1	81	0.95462
1	82	0.984591
1	83	0.962934
1	84	0.984807
1	85	0.903582
1	86	0.945123
1	87	0.919254
1	88	0.9452
1	89	0.919214
1	90	0.919214
1	91	0.976814
1	92	0.934225
1	93	0.95956
1	94	0.970518
1	95	0.940737
1	96	0.958793
1	97	0.909806
1	98	0.816645
1	99	0.794716
2	2	1
2	3	0.998989
2	4	0.998027
2	5	0.997823
2	6	0.997145
2	7	0.997544
2	8	0.997709
2	9	0.996174
2	10	0.999577
2	11	0.997457
2	12	0.996936
2	13	0.996997
2	14	0.922982
2	15	0.970601
2	16	0.796448
2	17	0.806253
2	18	0.996347
2	19	0.997241
2	20	0.996577
2	21	0.997345
2	22	0.814895
2	23	0.981023
2	24	0.904607
2	25	0.904798
2	26	0.90438
2	27	0.910241
2	28	0.981166
2	29	0.902835
2	30	0.960655
2	31	0.944186
2	32	0.969764
2	33	0.94238
2	34	0.862703
2	35	0.905185
2	36	0.996355
2	37	0.852282
2	38	0.971005
2	39	0.862089
2	40	0.970577
2	41	0.927792
2	42	0.927833
2	43	0.903426
2	44	0.970405
2	45	0.942696
2	46	0.904985
2	47	0.930159
2	48	0.996703
2	49	0.965873
2	50	0.961635
2	51	0.929555
2	52	0.862395
2	53	0.867937
2	54	0.945339
2	55	0.970125
2	56	0.909641
2	57	0.949273
2	58	0.949398
2	59	0.900464
2	60	0.946318
2	61	0.947797
2	62	0.949111
2	63	0.862983
2	64	0.863012
2	65	0.931485
2	66	0.904784
2	67	0.943622
2	68	0.994598
2	69	0.948982
2	70	0.944976
2	71	0.94498
2	72	0.943825
2	73	0.958321
2	74	0.947821
2	75	0.944193
2	76	0.945273
2	77	0.949989
2	78	0.940587
2	79	0.944781
2	80	0.981965
2	81	0.952155
2	82	0.981969
2	83	0.960426
2	84	0.982184
2	85	0.905802
2	86	0.942707
2	87	0.921551
2	88	0.942783
2	89	0.921511
2	90	0.921511
2	91	0.974233
2	92	0.931864
2	93	0.962064
2	94	0.96797
2	95	0.938343
2	96	0.956306
2	97	0.912056
2	98	0.81484
2	99	0.793007
3	3	1
3	4	0.999036
3	5	0.998831
3	6	0.998152
3	7	0.998552
3	8	0.998718
3	9	0.997179
3	10	0.999411
3	11	0.998465
3	12	0.997943
3	13	0.998004
3	14	0.92212
3	15	0.971556
3	16	0.79709
3	17	0.806912
3	18	0.997353
3	19	0.998248
3	20	0.997583
3	21	0.998353
3	22	0.815568
3	23	0.981998
3	24	0.90378
3	25	0.90397
3	26	0.903553
3	27	0.909403
3	28	0.982141
3	29	0.902011
3	30	0.959722
3	31	0.945089
3	32	0.970716
3	33	0.94328
3	34	0.861951
3	35	0.904357
3	36	0.997361
3	37	0.853018
3	38	0.97196
3	39	0.862842
3	40	0.971531
3	41	0.928664
3	42	0.928705
3	43	0.902601
3	44	0.971359
3	45	0.943597
3	46	0.904157
3	47	0.931035
3	48	0.997709
3	49	0.966818
3	50	0.962571
3	51	0.930431
3	52	0.863149
3	53	0.8687
3	54	0.946244
3	55	0.971078
3	56	0.908804
3	57	0.950186
3	58	0.950311
3	59	0.901286
3	60	0.947225
3	61	0.948707
3	62	0.950024
3	63	0.86223
3	64	0.862259
3	65	0.932364
3	66	0.903956
3	67	0.944524
3	68	0.993598
3	69	0.949894
3	70	0.945881
3	71	0.945885
3	72	0.944727
3	73	0.959251
3	74	0.948731
3	75	0.945097
3	76	0.946178
3	77	0.950903
3	78	0.941483
3	79	0.945685
3	80	0.982942
3	81	0.953074
3	82	0.982946
3	83	0.96136
3	84	0.983161
3	85	0.904972
3	86	0.943607
3	87	0.920692
3	88	0.943684
3	89	0.920653
3	90	0.920653
3	91	0.975195
3	92	0.932744
3	93	0.961128
3	94	0.968919
3	95	0.939235
3	96	0.957233
3	97	0.911215
3	98	0.815512
3	99	0.793644
4	4	1
4	5	0.999795
4	6	0.999115
4	7	0.999515
4	8	0.999681
4	9	0.998139
4	10	0.998448
4	11	0.999428
4	12	0.998905
4	13	0.998966
4	14	0.921301
4	15	0.972468
4	16	0.797704
4	17	0.80754
4	18	0.998314
4	19	0.999211
4	20	0.998544
4	21	0.999315
4	22	0.81621
4	23	0.982929
4	24	0.902992
4	25	0.903182
4	26	0.902766
4	27	0.908606
4	28	0.983072
4	29	0.901226
4	30	0.958834
4	31	0.945952
4	32	0.971627
4	33	0.944139
4	34	0.861234
4	35	0.903568
4	36	0.998322
4	37	0.853721
4	38	0.972872
4	39	0.863561
4	40	0.972443
4	41	0.929497
4	42	0.929538
4	43	0.901816
4	44	0.97227
4	45	0.944457
4	46	0.903368
4	47	0.931873
4	48	0.998671
4	49	0.967721
4	50	0.963466
4	51	0.931267
4	52	0.863868
4	53	0.869429
4	54	0.947109
4	55	0.971989
4	56	0.908008
4	57	0.951058
4	58	0.951183
4	59	0.90207
4	60	0.948092
4	61	0.949577
4	62	0.950896
4	63	0.861513
4	64	0.861542
4	65	0.933203
4	66	0.903169
4	67	0.945386
4	68	0.992646
4	69	0.950766
4	70	0.946745
4	71	0.946749
4	72	0.945589
4	73	0.96014
4	74	0.9496
4	75	0.945959
4	76	0.947042
4	77	0.951776
4	78	0.942339
4	79	0.946549
4	80	0.983875
4	81	0.953951
4	82	0.983879
4	83	0.962253
4	84	0.984095
4	85	0.904183
4	86	0.944467
4	87	0.919875
4	88	0.944544
4	89	0.919835
4	90	0.919835
4	91	0.976114
4	92	0.933584
4	93	0.960238
4	94	0.969826
4	95	0.940087
4	96	0.958118
4	97	0.910414
4	98	0.816155
4	99	0.794252
5	5	1
5	6	0.999319
5	7	0.99972
5	8	0.999886
5	9	0.998344
5	10	0.998244
5	11	0.999633
5	12	0.99911
5	13	0.999171
5	14	0.921127
5	15	0.972661
5	16	0.797834
5	17	0.807674
5	18	0.998518
5	19	0.999415
5	20	0.998749
5	21	0.99952
5	22	0.816347
5	23	0.983128
5	24	0.902825
5	25	0.903015
5	26	0.902599
5	27	0.908437
5	28	0.983271
5	29	0.90106
5	30	0.958646
5	31	0.946136
5	32	0.97182
5	33	0.944322
5	34	0.861082
5	35	0.903401
5	36	0.998526
5	37	0.85387
5	38	0.973066
5	39	0.863714
5	40	0.972637
5	41	0.929674
5	42	0.929715
5	43	0.901649
5	44	0.972464
5	45	0.944639
5	46	0.903201
5	47	0.932051
5	48	0.998875
5	49	0.967913
5	50	0.963657
5	51	0.931445
5	52	0.864021
5	53	0.869584
5	54	0.947293
5	55	0.972183
5	56	0.907839
5	57	0.951243
5	58	0.951369
5	59	0.902237
5	60	0.948276
5	61	0.949761
5	62	0.951081
5	63	0.861361
5	64	0.86139
5	65	0.933382
5	66	0.903001
5	67	0.945569
5	68	0.992445
5	69	0.950951
5	70	0.946928
5	71	0.946933
5	72	0.945772
5	73	0.960329
5	74	0.949785
5	75	0.946143
5	76	0.947226
5	77	0.951962
5	78	0.942521
5	79	0.946733
5	80	0.984074
5	81	0.954137
5	82	0.984078
5	83	0.962443
5	84	0.984294
5	85	0.904015
5	86	0.94465
5	87	0.919702
5	88	0.944727
5	89	0.919662
5	90	0.919662
5	91	0.976309
5	92	0.933763
5	93	0.960049
5	94	0.970019
5	95	0.940269
5	96	0.958306
5	97	0.910244
5	98	0.816291
5	99	0.794381
6	6	1
6	7	0.999599
6	8	0.999433
6	9	0.999023
6	10	0.997566
6	11	0.999686
6	12	0.99979
6	13	0.999851
6	14	0.920549
6	15	0.973306
6	16	0.798268
6	17	0.808119
6	18	0.999198
6	19	0.999904
6	20	0.999428
6	21	0.999799
6	22	0.816801
6	23	0.983786
6	24	0.902271
6	25	0.90246
6	26	0.902044
6	27	0.907875
6	28	0.983929
6	29	0.900507
6	30	0.95802
6	31	0.946746
6	32	0.972464
6	33	0.94493
6	34	0.860578
6	35	0.902846
6	36	0.999206
6	37	0.854367
6	38	0.973712
6	39	0.864222
6	40	0.973281
6	41	0.930263
6	42	0.930304
6	43	0.901096
6	44	0.973108
6	45	0.945247
6	46	0.902646
6	47	0.932643
6	48	0.999555
6	49	0.968551
6	50	0.964289
6	51	0.932036
6	52	0.86453
6	53	0.870099
6	54	0.947904
6	55	0.972827
6	56	0.907278
6	57	0.95186
6	58	0.951986
6	59	0.902792
6	60	0.948889
6	61	0.950376
6	62	0.951698
6	63	0.860856
6	64	0.860885
6	65	0.933975
6	66	0.902446
6	67	0.946179
6	68	0.991774
6	69	0.951567
6	70	0.947539
6	71	0.947544
6	72	0.946382
6	73	0.960957
6	74	0.9504
6	75	0.946753
6	76	0.947838
6	77	0.95258
6	78	0.943127
6	79	0.947344
6	80	0.984734
6	81	0.954758
6	82	0.984738
6	83	0.963074
6	84	0.984954
6	85	0.903459
6	86	0.945258
6	87	0.919126
6	88	0.945335
6	89	0.919086
6	90	0.919086
6	91	0.976958
6	92	0.934357
6	93	0.959421
6	94	0.97066
6	95	0.940871
6	96	0.958932
6	97	0.909681
6	98	0.816745
6	99	0.794811
7	7	1
7	8	0.999834
7	9	0.998623
7	10	0.997965
7	11	0.999913
7	12	0.999389
7	13	0.99945
7	14	0.920889
7	15	0.972926
7	16	0.798013
7	17	0.807857
7	18	0.998797
7	19	0.999695
7	20	0.999028
7	21	0.9998
7	22	0.816533
7	23	0.983398
7	24	0.902597
7	25	0.902787
7	26	0.902371
7	27	0.908206
7	28	0.983541
7	29	0.900833
7	30	0.958389
7	31	0.946386
7	32	0.972085
7	33	0.944572
7	34	0.860875
7	35	0.903173
7	36	0.998805
7	37	0.854075
7	38	0.973332
7	39	0.863923
7	40	0.972902
7	41	0.929916
7	42	0.929957
7	43	0.901421
7	44	0.972729
7	45	0.944889
7	46	0.902973
7	47	0.932294
7	48	0.999155
7	49	0.968175
7	50	0.963917
7	51	0.931688
7	52	0.86423
7	53	0.869796
7	54	0.947544
7	55	0.972448
7	56	0.907608
7	57	0.951497
7	58	0.951622
7	59	0.902465
7	60	0.948528
7	61	0.950014
7	62	0.951334
7	63	0.861154
7	64	0.861183
7	65	0.933626
7	66	0.902773
7	67	0.94582
7	68	0.992169
7	69	0.951204
7	70	0.94718
7	71	0.947184
7	72	0.946023
7	73	0.960587
7	74	0.950038
7	75	0.946393
7	76	0.947478
7	77	0.952216
7	78	0.94277
7	79	0.946984
7	80	0.984345
7	81	0.954392
7	82	0.984349
7	83	0.962702
7	84	0.984565
7	85	0.903787
7	86	0.9449
7	87	0.919465
7	88	0.944977
7	89	0.919425
7	90	0.919425
7	91	0.976576
7	92	0.934007
7	93	0.959791
7	94	0.970282
7	95	0.940516
7	96	0.958563
7	97	0.910013
7	98	0.816478
7	99	0.794558
8	8	1
8	9	0.998457
8	10	0.998131
8	11	0.999747
8	12	0.999224
8	13	0.999285
8	14	0.92103
8	15	0.972769
8	16	0.797907
8	17	0.807749
8	18	0.998632
8	19	0.999529
8	20	0.998862
8	21	0.999634
8	22	0.816423
8	23	0.983238
8	24	0.902732
8	25	0.902922
8	26	0.902506
8	27	0.908343
8	28	0.983381
8	29	0.900967
8	30	0.958541
8	31	0.946238
8	32	0.971928
8	33	0.944424
8	34	0.860998
8	35	0.903308
8	36	0.99864
8	37	0.853953
8	38	0.973174
8	39	0.863799
8	40	0.972745
8	41	0.929772
8	42	0.929814
8	43	0.901556
8	44	0.972572
8	45	0.944741
8	46	0.903108
8	47	0.93215
8	48	0.998989
8	49	0.96802
8	50	0.963763
8	51	0.931544
8	52	0.864106
8	53	0.86967
8	54	0.947395
8	55	0.972291
8	56	0.907745
8	57	0.951346
8	58	0.951472
8	59	0.90233
8	60	0.948379
8	61	0.949864
8	62	0.951184
8	63	0.861277
8	64	0.861306
8	65	0.933481
8	66	0.902908
8	67	0.945671
8	68	0.992332
8	69	0.951054
8	70	0.947031
8	71	0.947035
8	72	0.945874
8	73	0.960434
8	74	0.949888
8	75	0.946245
8	76	0.947329
8	77	0.952065
8	78	0.942623
8	79	0.946835
8	80	0.984184
8	81	0.954241
8	82	0.984188
8	83	0.962548
8	84	0.984404
8	85	0.903922
8	86	0.944752
8	87	0.919605
8	88	0.944829
8	89	0.919566
8	90	0.919566
8	91	0.976418
8	92	0.933862
8	93	0.959943
8	94	0.970126
8	95	0.940369
8	96	0.958411
8	97	0.91015
8	98	0.816367
8	99	0.794453
9	9	1
9	10	0.996594
9	11	0.99871
9	12	0.999233
9	13	0.999172
9	14	0.919721
9	15	0.974233
9	16	0.798892
9	17	0.808758
9	18	0.999825
9	19	0.998927
9	20	0.999594
9	21	0.998822
9	22	0.817454
9	23	0.984734
9	24	0.901475
9	25	0.901664
9	26	0.901249
9	27	0.90707
9	28	0.984877
9	29	0.899715
9	30	0.957124
9	31	0.947623
9	32	0.973389
9	33	0.945804
9	34	0.859854
9	35	0.902049
9	36	0.999817
9	37	0.855082
9	38	0.97464
9	39	0.864953
9	40	0.974209
9	41	0.93111
9	42	0.931152
9	43	0.900302
9	44	0.974035
9	45	0.946122
9	46	0.90185
9	47	0.933494
9	48	0.999467
9	49	0.969469
9	50	0.9652
9	51	0.932886
9	52	0.865261
9	53	0.87084
9	54	0.948784
9	55	0.973753
9	56	0.906474
9	57	0.952747
9	58	0.952873
9	59	0.90359
9	60	0.94977
9	61	0.95126
9	62	0.952584
9	63	0.860132
9	64	0.860161
9	65	0.934829
9	66	0.901651
9	67	0.947055
9	68	0.990813
9	69	0.952454
9	70	0.948418
9	71	0.948423
9	72	0.947259
9	73	0.961861
9	74	0.951284
9	75	0.94763
9	76	0.948717
9	77	0.953468
9	78	0.943997
9	79	0.948222
9	80	0.985683
9	81	0.95565
9	82	0.985687
9	83	0.963982
9	84	0.985904
9	85	0.902661
9	86	0.946133
9	87	0.918301
9	88	0.94621
9	89	0.918261
9	90	0.918261
9	91	0.977893
9	92	0.935211
9	93	0.958522
9	94	0.971582
9	95	0.941738
9	96	0.959832
9	97	0.908872
9	98	0.817398
9	99	0.79543
10	10	1
10	11	0.997879
10	12	0.997357
10	13	0.997418
10	14	0.922622
10	15	0.971
10	16	0.796716
10	17	0.806528
10	18	0.996767
10	19	0.997661
10	20	0.996997
10	21	0.997766
10	22	0.815176
10	23	0.98143
10	24	0.904261
10	25	0.904452
10	26	0.904034
10	27	0.909891
10	28	0.981573
10	29	0.90249
10	30	0.960265
10	31	0.944564
10	32	0.970162
10	33	0.942756
10	34	0.862389
10	35	0.904839
10	36	0.996775
10	37	0.85259
10	38	0.971404
10	39	0.862404
10	40	0.970976
10	41	0.928156
10	42	0.928197
10	43	0.903081
10	44	0.970803
10	45	0.943072
10	46	0.904638
10	47	0.930525
10	48	0.997123
10	49	0.966268
10	50	0.962026
10	51	0.929921
10	52	0.86271
10	53	0.868256
10	54	0.945717
10	55	0.970523
10	56	0.909291
10	57	0.949654
10	58	0.949779
10	59	0.900808
10	60	0.946697
10	61	0.948177
10	62	0.949493
10	63	0.862668
10	64	0.862697
10	65	0.931852
10	66	0.904438
10	67	0.943999
10	68	0.99418
10	69	0.949363
10	70	0.945354
10	71	0.945358
10	72	0.944201
10	73	0.958709
10	74	0.948201
10	75	0.944571
10	76	0.945651
10	77	0.950371
10	78	0.940961
10	79	0.945159
10	80	0.982373
10	81	0.952539
10	82	0.982377
10	83	0.960816
10	84	0.982592
10	85	0.905455
10	86	0.943083
10	87	0.921192
10	88	0.94316
10	89	0.921152
10	90	0.921152
10	91	0.974635
10	92	0.932231
10	93	0.961673
10	94	0.968366
10	95	0.938716
10	96	0.956693
10	97	0.911704
10	98	0.815121
10	99	0.793273
11	11	1
11	12	0.999476
11	13	0.999537
11	14	0.920815
11	15	0.973009
11	16	0.798068
11	17	0.807914
11	18	0.998884
11	19	0.999782
11	20	0.999115
11	21	0.999887
11	22	0.816591
11	23	0.983482
11	24	0.902526
11	25	0.902716
11	26	0.9023
11	27	0.908134
11	28	0.983626
11	29	0.900762
11	30	0.958309
11	31	0.946464
11	32	0.972167
11	33	0.944649
11	34	0.86081
11	35	0.903102
11	36	0.998892
11	37	0.854138
11	38	0.973414
11	39	0.863988
11	40	0.972984
11	41	0.929991
11	42	0.930033
11	43	0.901351
11	44	0.972811
11	45	0.944967
11	46	0.902902
11	47	0.93237
11	48	0.999242
11	49	0.968257
11	50	0.963998
11	51	0.931763
11	52	0.864295
11	53	0.869862
11	54	0.947622
11	55	0.97253
11	56	0.907537
11	57	0.951575
11	58	0.951701
11	59	0.902536
11	60	0.948606
11	61	0.950093
11	62	0.951413
11	63	0.861089
11	64	0.861118
11	65	0.933702
11	66	0.902702
11	67	0.945898
11	68	0.992083
11	69	0.951283
11	70	0.947258
11	71	0.947262
11	72	0.946101
11	73	0.960667
11	74	0.950116
11	75	0.946471
11	76	0.947556
11	77	0.952295
11	78	0.942847
11	79	0.947062
11	80	0.984429
11	81	0.954472
11	82	0.984433
11	83	0.962783
11	84	0.984649
11	85	0.903715
11	86	0.944978
11	87	0.919391
11	88	0.945055
11	89	0.919352
11	90	0.919352
11	91	0.976659
11	92	0.934083
11	93	0.95971
11	94	0.970364
11	95	0.940593
11	96	0.958643
11	97	0.90994
11	98	0.816536
11	99	0.794613
12	12	1
12	13	0.999939
12	14	0.920371
12	15	0.973505
12	16	0.798402
12	17	0.808256
12	18	0.999407
12	19	0.999694
12	20	0.999638
12	21	0.999589
12	22	0.816941
12	23	0.98399
12	24	0.9021
12	25	0.902289
12	26	0.901873
12	27	0.907702
12	28	0.984133
12	29	0.900337
12	30	0.957828
12	31	0.946934
12	32	0.972662
12	33	0.945117
12	34	0.860422
12	35	0.902675
12	36	0.999415
12	37	0.85452
12	38	0.973911
12	39	0.864379
12	40	0.97348
12	41	0.930445
12	42	0.930486
12	43	0.900925
12	44	0.973307
12	45	0.945435
12	46	0.902475
12	47	0.932825
12	48	0.999765
12	49	0.968748
12	50	0.964485
12	51	0.932218
12	52	0.864687
12	53	0.870258
12	54	0.948093
12	55	0.973026
12	56	0.907105
12	57	0.95205
12	58	0.952176
12	59	0.902963
12	60	0.949078
12	61	0.950566
12	62	0.951888
12	63	0.860701
12	64	0.86073
12	65	0.934159
12	66	0.902275
12	67	0.946367
12	68	0.991568
12	69	0.951757
12	70	0.947728
12	71	0.947733
12	72	0.94657
12	73	0.961151
12	74	0.950589
12	75	0.946941
12	76	0.948026
12	77	0.95277
12	78	0.943313
12	79	0.947532
12	80	0.984937
12	81	0.954949
12	82	0.984941
12	83	0.963269
12	84	0.985158
12	85	0.903288
12	86	0.945446
12	87	0.918949
12	88	0.945523
12	89	0.918909
12	90	0.918909
12	91	0.977159
12	92	0.93454
12	93	0.959228
12	94	0.970858
12	95	0.941057
12	96	0.959125
12	97	0.909507
12	98	0.816885
12	99	0.794944
13	13	1
13	14	0.920423
13	15	0.973447
13	16	0.798363
13	17	0.808216
13	18	0.999346
13	19	0.999755
13	20	0.999577
13	21	0.99965
13	22	0.8169
13	23	0.98393
13	24	0.902149
13	25	0.902339
13	26	0.901923
13	27	0.907752
13	28	0.984074
13	29	0.900387
13	30	0.957884
13	31	0.946879
13	32	0.972605
13	33	0.945063
13	34	0.860467
13	35	0.902724
13	36	0.999354
13	37	0.854476
13	38	0.973853
13	39	0.864333
13	40	0.973423
13	41	0.930392
13	42	0.930433
13	43	0.900975
13	44	0.973249
13	45	0.945381
13	46	0.902525
13	47	0.932772
13	48	0.999704
13	49	0.968691
13	50	0.964428
13	51	0.932165
13	52	0.864641
13	53	0.870212
13	54	0.948038
13	55	0.972968
13	56	0.907155
13	57	0.951995
13	58	0.952121
13	59	0.902913
13	60	0.949023
13	61	0.950511
13	62	0.951833
13	63	0.860746
13	64	0.860775
13	65	0.934105
13	66	0.902325
13	67	0.946312
13	68	0.991628
13	69	0.951702
13	70	0.947673
13	71	0.947678
13	72	0.946515
13	73	0.961095
13	74	0.950534
13	75	0.946886
13	76	0.947972
13	77	0.952715
13	78	0.943259
13	79	0.947478
13	80	0.984878
13	81	0.954894
13	82	0.984882
13	83	0.963212
13	84	0.985098
13	85	0.903337
13	86	0.945391
13	87	0.919
13	88	0.945468
13	89	0.918961
13	90	0.918961
13	91	0.977101
13	92	0.934487
13	93	0.959284
13	94	0.9708
13	95	0.941003
13	96	0.959069
13	97	0.909557
13	98	0.816845
13	99	0.794906
14	14	1
14	15	0.89788
14	16	0.746815
14	17	0.75543
14	18	0.919869
14	19	0.920631
14	20	0.920065
14	21	0.92072
14	22	0.763011
14	23	0.906792
14	24	0.978467
14	25	0.97869
14	26	0.978201
14	27	0.985062
14	28	0.906913
14	29	0.976394
14	30	0.959243
14	31	0.875229
14	32	0.897164
14	33	0.873677
14	34	0.929625
14	35	0.979143
14	36	0.919876
14	37	0.795694
14	38	0.898226
14	39	0.804235
14	40	0.89786
14	41	0.861124
14	42	0.86116
14	43	0.977085
14	44	0.897712
14	45	0.873949
14	46	0.978908
14	47	0.863163
14	48	0.920172
14	49	0.893832
14	50	0.890202
14	51	0.862643
14	52	0.804501
14	53	0.809322
14	54	0.876219
14	55	0.897473
14	56	0.984359
14	57	0.879598
14	58	0.879706
14	59	0.837533
14	60	0.877061
14	61	0.878331
14	62	0.87946
14	63	0.929951
14	64	0.929984
14	65	0.864304
14	66	0.978674
14	67	0.874744
14	68	0.927632
14	69	0.879348
14	70	0.875908
14	71	0.875911
14	72	0.874918
14	73	0.887361
14	74	0.878351
14	75	0.875235
14	76	0.876162
14	77	0.880213
14	78	0.872135
14	79	0.87574
14	80	0.907597
14	81	0.882072
14	82	0.9076
14	83	0.889166
14	84	0.907784
14	85	0.979865
14	86	0.873958
14	87	0.998321
14	88	0.874023
14	89	0.998274
14	90	0.998274
14	91	0.900988
14	92	0.864631
14	93	0.957842
14	94	0.895628
14	95	0.870206
14	96	0.885634
14	97	0.987187
14	98	0.762963
14	99	0.743789
15	15	1
15	16	0.816136
15	17	0.826435
15	18	0.974067
15	19	0.973215
15	20	0.973848
15	21	0.973116
15	22	0.835518
15	23	0.989173
15	24	0.880482
15	25	0.880663
15	26	0.880267
15	27	0.885819
15	28	0.989029
15	29	0.878803
15	30	0.933493
15	31	0.971984
15	32	0.999111
15	33	0.970069
15	34	0.840735
15	35	0.88103
15	36	0.97406
15	37	0.874867
15	38	0.999572
15	39	0.885203
15	40	0.999974
15	41	0.954618
15	42	0.954662
15	43	0.879364
15	44	0.999791
15	45	0.970405
15	46	0.88084
15	47	0.957125
15	48	0.973728
15	49	0.994981
15	50	0.990484
15	51	0.956486
15	52	0.885526
15	53	0.89137
15	54	0.973205
15	55	0.999494
15	56	0.88525
15	57	0.977375
15	58	0.977508
15	59	0.925712
15	60	0.974243
15	61	0.975811
15	62	0.977204
15	63	0.841
15	64	0.841028
15	65	0.958528
15	66	0.88065
15	67	0.971386
15	68	0.965512
15	69	0.977066
15	70	0.97282
15	71	0.972825
15	72	0.9716
15	73	0.986969
15	74	0.975835
15	75	0.971991
15	76	0.973135
15	77	0.978134
15	78	0.968169
15	79	0.972614
15	80	0.988217
15	81	0.980431
15	82	0.988214
15	83	0.989202
15	84	0.987996
15	85	0.881614
15	86	0.970416
15	87	0.896526
15	88	0.970497
15	89	0.896489
15	90	0.896489
15	91	0.996174
15	92	0.95893
15	93	0.934823
15	94	0.997207
15	95	0.965793
15	96	0.984833
15	97	0.887537
15	98	0.83546
15	99	0.812523
16	16	1
16	17	0.98496
16	18	0.79878
16	19	0.798207
16	20	0.798633
16	21	0.79814
16	22	0.972363
16	23	0.80891
16	24	0.734739
16	25	0.734865
16	26	0.734589
16	27	0.738452
16	28	0.808813
16	29	0.73357
16	30	0.771289
16	31	0.835798
16	32	0.816729
16	33	0.837218
16	34	0.706853
16	35	0.735121
16	36	0.798775
16	37	0.923997
16	38	0.815851
16	39	0.91274
16	40	0.816153
16	41	0.849079
16	42	0.849044
16	43	0.73396
16	44	0.816275
16	45	0.836969
16	46	0.734988
16	47	0.847106
16	48	0.798552
16	49	0.81951
16	50	0.822586
16	51	0.847607
16	52	0.912397
16	53	0.906275
16	54	0.834897
16	55	0.816473
16	56	0.738056
16	57	0.831852
16	58	0.831756
16	59	0.873334
16	60	0.834134
16	61	0.832988
16	62	0.831976
16	63	0.707041
16	64	0.70706
16	65	0.846009
16	66	0.734856
16	67	0.83624
16	68	0.793018
16	69	0.832076
16	70	0.83518
16	71	0.835176
16	72	0.836081
16	73	0.825026
16	74	0.83297
16	75	0.835792
16	76	0.834948
16	77	0.831303
16	78	0.838638
16	79	0.835332
16	80	0.808271
16	81	0.829651
16	82	0.808268
16	83	0.823472
16	84	0.808123
16	85	0.735527
16	86	0.83696
16	87	0.745878
16	88	0.8369
16	89	0.745852
16	90	0.745852
16	91	0.813586
16	92	0.845697
16	93	0.772197
16	94	0.818006
16	95	0.84043
16	96	0.826525
16	97	0.739646
16	98	0.972441
16	99	0.994582
17	17	1
17	18	0.808643
17	19	0.808056
17	20	0.808492
17	21	0.807987
17	22	0.987018
17	23	0.819027
17	24	0.743076
17	25	0.743205
17	26	0.742923
17	27	0.746873
17	28	0.818928
17	29	0.74188
17	30	0.780481
17	31	0.846602
17	32	0.827044
17	33	0.84806
17	34	0.714565
17	35	0.743466
17	36	0.808638
17	37	0.93722
17	38	0.826143
17	39	0.925641
17	40	0.826453
17	41	0.860232
17	42	0.860197
17	43	0.742279
17	44	0.826578
17	45	0.847804
17	46	0.743331
17	47	0.858207
17	48	0.808409
17	49	0.829895
17	50	0.833049
17	51	0.858721
17	52	0.925289
17	53	0.918993
17	54	0.845678
17	55	0.826781
17	56	0.746469
17	57	0.842554
17	58	0.842456
17	59	0.885138
17	60	0.844896
17	61	0.84372
17	62	0.842681
17	63	0.714757
17	64	0.714777
17	65	0.857082
17	66	0.743195
17	67	0.847056
17	68	0.802738
17	69	0.842784
17	70	0.845969
17	71	0.845965
17	72	0.846894
17	73	0.835552
17	74	0.843702
17	75	0.846597
17	76	0.845731
17	77	0.841991
17	78	0.849517
17	79	0.846125
17	80	0.818371
17	81	0.840297
17	82	0.818369
17	83	0.833959
17	84	0.818219
17	85	0.743882
17	86	0.847795
17	87	0.754471
17	88	0.847733
17	89	0.754444
17	90	0.754444
17	91	0.82382
17	92	0.856761
17	93	0.781411
17	94	0.828353
17	95	0.851356
17	96	0.83709
17	97	0.748095
17	98	0.987099
17	99	0.979703
18	18	1
18	19	0.999102
18	20	0.999769
18	21	0.998997
18	22	0.817337
18	23	0.984564
18	24	0.901617
18	25	0.901807
18	26	0.901391
18	27	0.907214
18	28	0.984707
18	29	0.899857
18	30	0.957284
18	31	0.947466
18	32	0.973224
18	33	0.945647
18	34	0.859984
18	35	0.902192
18	36	0.999992
18	37	0.854954
18	38	0.974474
18	39	0.864822
18	40	0.974043
18	41	0.930958
18	42	0.931
18	43	0.900444
18	44	0.973869
18	45	0.945966
18	46	0.901992
18	47	0.933342
18	48	0.999642
18	49	0.969305
18	50	0.965037
18	51	0.932734
18	52	0.86513
18	53	0.870708
18	54	0.948626
18	55	0.973588
18	56	0.906617
18	57	0.952588
18	58	0.952714
18	59	0.903447
18	60	0.949613
18	61	0.951102
18	62	0.952425
18	63	0.860262
18	64	0.860291
18	65	0.934676
18	66	0.901793
18	67	0.946898
18	68	0.990985
18	69	0.952295
18	70	0.948261
18	71	0.948265
18	72	0.947102
18	73	0.961699
18	74	0.951125
18	75	0.947473
18	76	0.94856
18	77	0.953309
18	78	0.943841
18	79	0.948065
18	80	0.985513
18	81	0.95549
18	82	0.985517
18	83	0.963819
18	84	0.985733
18	85	0.902804
18	86	0.945976
18	87	0.918448
18	88	0.946053
18	89	0.918409
18	90	0.918409
18	91	0.977725
18	92	0.935058
18	93	0.958683
18	94	0.971417
18	95	0.941582
18	96	0.959671
18	97	0.909017
18	98	0.817281
18	99	0.795319
19	19	1
19	20	0.999332
19	21	0.999895
19	22	0.816737
19	23	0.983693
19	24	0.902349
19	25	0.902538
19	26	0.902122
19	27	0.907954
19	28	0.983837
19	29	0.900585
19	30	0.958109
19	31	0.94666
19	32	0.972373
19	33	0.944844
19	34	0.860649
19	35	0.902924
19	36	0.99911
19	37	0.854297
19	38	0.973621
19	39	0.86415
19	40	0.973191
19	41	0.93018
19	42	0.930221
19	43	0.901174
19	44	0.973017
19	45	0.945162
19	46	0.902724
19	47	0.932559
19	48	0.999459
19	49	0.968461
19	50	0.9642
19	51	0.931953
19	52	0.864458
19	53	0.870027
19	54	0.947818
19	55	0.972736
19	56	0.907357
19	57	0.951773
19	58	0.951899
19	59	0.902714
19	60	0.948803
19	61	0.950289
19	62	0.951611
19	63	0.860927
19	64	0.860956
19	65	0.933892
19	66	0.902525
19	67	0.946093
19	68	0.991869
19	69	0.95148
19	70	0.947453
19	71	0.947458
19	72	0.946296
19	73	0.960869
19	74	0.950313
19	75	0.946667
19	76	0.947751
19	77	0.952493
19	78	0.943041
19	79	0.947258
19	80	0.984641
19	81	0.95467
19	82	0.984644
19	83	0.962985
19	84	0.984861
19	85	0.903537
19	86	0.945172
19	87	0.919207
19	88	0.945249
19	89	0.919167
19	90	0.919167
19	91	0.976867
19	92	0.934273
19	93	0.95951
19	94	0.970569
19	95	0.940786
19	96	0.958844
19	97	0.90976
19	98	0.816681
19	99	0.794751
20	20	1
20	21	0.999228
20	22	0.817182
20	23	0.98434
20	24	0.901805
20	25	0.901995
20	26	0.901579
20	27	0.907404
20	28	0.984484
20	29	0.900044
20	30	0.957496
20	31	0.947259
20	32	0.973005
20	33	0.945441
20	34	0.860154
20	35	0.90238
20	36	0.999777
20	37	0.854785
20	38	0.974254
20	39	0.864649
20	40	0.973824
20	41	0.930758
20	42	0.9308
20	43	0.900632
20	44	0.97365
20	45	0.945759
20	46	0.90218
20	47	0.93314
20	48	0.999873
20	49	0.969088
20	50	0.964822
20	51	0.932533
20	52	0.864958
20	53	0.870533
20	54	0.948418
20	55	0.973369
20	56	0.906807
20	57	0.952378
20	58	0.952504
20	59	0.903258
20	60	0.949404
20	61	0.950893
20	62	0.952216
20	63	0.860433
20	64	0.860462
20	65	0.934475
20	66	0.901981
20	67	0.946691
20	68	0.991212
20	69	0.952085
20	70	0.948053
20	71	0.948058
20	72	0.946894
20	73	0.961486
20	74	0.950917
20	75	0.947266
20	76	0.948352
20	77	0.953099
20	78	0.943636
20	79	0.947857
20	80	0.985289
20	81	0.95528
20	82	0.985293
20	83	0.963605
20	84	0.985509
20	85	0.902992
20	86	0.94577
20	87	0.918643
20	88	0.945847
20	89	0.918603
20	90	0.918603
20	91	0.977505
20	92	0.934856
20	93	0.958895
20	94	0.971199
20	95	0.941378
20	96	0.959458
20	97	0.909207
20	98	0.817127
20	99	0.795173
21	21	1
21	22	0.816667
21	23	0.983592
21	24	0.902434
21	25	0.902624
21	26	0.902208
21	27	0.908041
21	28	0.983735
21	29	0.90067
21	30	0.958205
21	31	0.946565
21	32	0.972274
21	33	0.94475
21	34	0.860727
21	35	0.90301
21	36	0.999005
21	37	0.85422
21	38	0.973521
21	39	0.864072
21	40	0.973091
21	41	0.930089
21	42	0.93013
21	43	0.901259
21	44	0.972918
21	45	0.945068
21	46	0.90281
21	47	0.932468
21	48	0.999354
21	49	0.968363
21	50	0.964103
21	51	0.931861
21	52	0.86438
21	53	0.869947
21	54	0.947724
21	55	0.972637
21	56	0.907443
21	57	0.951678
21	58	0.951804
21	59	0.902628
21	60	0.948708
21	61	0.950195
21	62	0.951516
21	63	0.861005
21	64	0.861034
21	65	0.9338
21	66	0.90261
21	67	0.945999
21	68	0.991972
21	69	0.951385
21	70	0.947359
21	71	0.947364
21	72	0.946202
21	73	0.960772
21	74	0.950218
21	75	0.946573
21	76	0.947657
21	77	0.952397
21	78	0.942948
21	79	0.947163
21	80	0.984539
21	81	0.954575
21	82	0.984543
21	83	0.962887
21	84	0.984759
21	85	0.903623
21	86	0.945079
21	87	0.919296
21	88	0.945155
21	89	0.919256
21	90	0.919256
21	91	0.976767
21	92	0.934181
21	93	0.959606
21	94	0.970471
21	95	0.940693
21	96	0.958747
21	97	0.909847
21	98	0.816611
21	99	0.794685
22	22	1
22	23	0.827946
22	24	0.75041
22	25	0.750542
22	26	0.750254
22	27	0.754283
22	28	0.827845
22	29	0.74919
22	30	0.788576
22	31	0.856136
22	32	0.836139
22	33	0.857626
22	34	0.721345
22	35	0.750808
22	36	0.817331
22	37	0.948918
22	38	0.835219
22	39	0.93705
22	40	0.835536
22	41	0.870077
22	42	0.87004
22	43	0.749598
22	44	0.835663
22	45	0.857365
22	46	0.75067
22	47	0.868005
22	48	0.817098
22	49	0.839054
22	50	0.842278
22	51	0.868531
22	52	0.936688
22	53	0.930237
22	54	0.855191
22	55	0.835871
22	56	0.753871
22	57	0.851996
22	58	0.851895
22	59	0.895565
22	60	0.85439
22	61	0.853188
22	62	0.852126
22	63	0.721541
22	64	0.721561
22	65	0.866854
22	66	0.750532
22	67	0.8566
22	68	0.811304
22	69	0.852231
22	70	0.855488
22	71	0.855484
22	72	0.856433
22	73	0.844837
22	74	0.85317
22	75	0.85613
22	76	0.855245
22	77	0.85142
22	78	0.859117
22	79	0.855647
22	80	0.827276
22	81	0.849688
22	82	0.827274
22	83	0.843208
22	84	0.827121
22	85	0.751232
22	86	0.857356
22	87	0.762033
22	88	0.857293
22	89	0.762006
22	90	0.762006
22	91	0.832845
22	92	0.866526
22	93	0.789525
22	94	0.837477
22	95	0.860997
22	96	0.846409
22	97	0.755529
22	98	0.999917
22	99	0.967239
23	23	1
23	24	0.88905
23	25	0.889234
23	26	0.88883
23	27	0.894491
23	28	0.999852
23	29	0.887338
23	30	0.943129
23	31	0.961752
23	32	0.988303
23	33	0.959878
23	34	0.848543
23	35	0.889608
23	36	0.984556
23	37	0.866569
23	38	0.989592
23	39	0.876709
23	40	0.989148
23	41	0.944747
23	42	0.94479
23	43	0.887909
23	44	0.988969
23	45	0.960206
23	46	0.889415
23	47	0.947202
23	48	0.984217
23	49	0.984263
23	50	0.979862
23	51	0.946576
23	52	0.877026
23	53	0.882758
23	54	0.962948
23	55	0.988679
23	56	0.893911
23	57	0.96703
23	58	0.96716
23	59	0.916427
23	60	0.963964
23	61	0.965499
23	62	0.966863
23	63	0.848814
23	64	0.848842
23	65	0.948577
23	66	0.889221
23	67	0.961167
23	68	0.975824
23	69	0.966728
23	70	0.962571
23	71	0.962576
23	72	0.961377
23	73	0.976421
23	74	0.965523
23	75	0.961759
23	76	0.962879
23	77	0.967773
23	78	0.958018
23	79	0.962369
23	80	0.999023
23	81	0.970021
23	82	0.999019
23	83	0.978607
23	84	0.998796
23	85	0.890204
23	86	0.960217
23	87	0.905411
23	88	0.960297
23	89	0.905372
23	90	0.905372
23	91	0.992946
23	92	0.94897
23	93	0.944487
23	94	0.98644
23	95	0.95569
23	96	0.97433
23	97	0.896244
23	98	0.827889
23	99	0.805361
24	24	1
24	25	0.999767
24	26	0.999722
24	27	0.993204
24	28	0.889167
24	29	0.997835
24	30	0.939412
24	31	0.85869
24	32	0.879793
24	33	0.857196
24	34	0.949041
24	35	0.999294
24	36	0.901624
24	37	0.782
24	38	0.880814
24	39	0.790248
24	40	0.880462
24	41	0.845109
24	42	0.845143
24	43	0.998557
24	44	0.88032
24	45	0.857457
24	46	0.999539
24	47	0.847072
24	48	0.901908
24	49	0.876589
24	50	0.873097
24	51	0.846572
24	52	0.790506
24	53	0.79516
24	54	0.859643
24	55	0.88009
24	56	0.99392
24	57	0.862895
24	58	0.862998
24	59	0.822375
24	60	0.860453
24	61	0.861675
24	62	0.862761
24	63	0.94938
24	64	0.949415
24	65	0.848171
24	66	0.999784
24	67	0.858223
24	68	0.909074
24	69	0.862654
24	70	0.859343
24	71	0.859346
24	72	0.85839
24	73	0.870364
24	74	0.861695
24	75	0.858696
24	76	0.859588
24	77	0.863486
24	78	0.855712
24	79	0.859182
24	80	0.889824
24	81	0.865276
24	82	0.889827
24	83	0.8721
24	84	0.890004
24	85	0.998544
24	86	0.857466
24	87	0.98008
24	88	0.857529
24	89	0.980125
24	90	0.980125
24	91	0.88347
24	92	0.848486
24	93	0.938069
24	94	0.878316
24	95	0.853854
24	96	0.868703
24	97	0.991053
24	98	0.750364
24	99	0.73181
25	25	1
25	26	0.999489
25	27	0.993434
25	28	0.889351
25	29	0.997603
25	30	0.939617
25	31	0.858862
25	32	0.879973
25	33	0.857367
25	34	0.948831
25	35	0.999527
25	36	0.901813
25	37	0.782143
25	38	0.880995
25	39	0.790394
25	40	0.880643
25	41	0.845275
25	42	0.845309
25	43	0.998325
25	44	0.880501
25	45	0.857629
25	46	0.999772
25	47	0.847239
25	48	0.902098
25	49	0.876768
25	50	0.873275
25	51	0.846739
25	52	0.790651
25	53	0.795307
25	54	0.859815
25	55	0.880271
25	56	0.99415
25	57	0.863068
25	58	0.863172
25	59	0.822533
25	60	0.860625
25	61	0.861848
25	62	0.862935
25	63	0.94917
25	64	0.949205
25	65	0.848339
25	66	0.999983
25	67	0.858395
25	68	0.909266
25	69	0.862828
25	70	0.859515
25	71	0.859519
25	72	0.858562
25	73	0.870541
25	74	0.861868
25	75	0.858867
25	76	0.85976
25	77	0.86366
25	78	0.855882
25	79	0.859354
25	80	0.890008
25	81	0.86545
25	82	0.890011
25	83	0.872278
25	84	0.890188
25	85	0.998776
25	86	0.857637
25	87	0.980304
25	88	0.857701
25	89	0.980349
25	90	0.980349
25	91	0.883652
25	92	0.848654
25	93	0.938274
25	94	0.878496
25	95	0.854024
25	96	0.868878
25	97	0.991282
25	98	0.750495
25	99	0.731935
26	26	1
26	27	0.99293
26	28	0.888947
26	29	0.998112
26	30	0.939166
26	31	0.858485
26	32	0.879578
26	33	0.856991
26	34	0.949292
26	35	0.999017
26	36	0.901398
26	37	0.78183
26	38	0.880599
26	39	0.790075
26	40	0.880247
26	41	0.84491
26	42	0.844944
26	43	0.998834
26	44	0.880105
26	45	0.857253
26	46	0.999262
26	47	0.846873
26	48	0.901682
26	49	0.876376
26	50	0.872885
26	51	0.846372
26	52	0.790332
26	53	0.794984
26	54	0.859437
26	55	0.879875
26	56	0.993646
26	57	0.862688
26	58	0.862791
26	59	0.822187
26	60	0.860247
26	61	0.861469
26	62	0.862555
26	63	0.949631
26	64	0.949666
26	65	0.847971
26	66	0.999506
26	67	0.858019
26	68	0.908844
26	69	0.862447
26	70	0.859138
26	71	0.859141
26	72	0.858186
26	73	0.870154
26	74	0.861488
26	75	0.858491
26	76	0.859383
26	77	0.863279
26	78	0.855508
26	79	0.858977
26	80	0.889604
26	81	0.865068
26	82	0.889607
26	83	0.871889
26	84	0.889783
26	85	0.998267
26	86	0.857262
26	87	0.979813
26	88	0.857325
26	89	0.979858
26	90	0.979858
26	91	0.883253
26	92	0.848286
26	93	0.937824
26	94	0.878102
26	95	0.853652
26	96	0.868493
26	97	0.99078
26	98	0.750207
26	99	0.731661
27	27	1
27	28	0.89461
27	29	0.991068
27	30	0.945489
27	31	0.863764
27	32	0.885121
27	33	0.862253
27	34	0.942919
27	35	0.993901
27	36	0.90722
27	37	0.786207
27	38	0.886155
27	39	0.794544
27	40	0.885798
27	41	0.850024
27	42	0.850058
27	43	0.991781
27	44	0.885655
27	45	0.862517
27	46	0.993659
27	47	0.85201
27	48	0.907509
27	49	0.881879
27	50	0.878344
27	51	0.851504
27	52	0.794805
27	53	0.799509
27	54	0.864729
27	55	0.885422
27	56	0.999276
27	57	0.868019
27	58	0.868124
27	59	0.827029
27	60	0.865548
27	61	0.866785
27	62	0.867885
27	63	0.943253
27	64	0.943288
27	65	0.853122
27	66	0.993418
27	67	0.863292
27	68	0.914763
27	69	0.867776
27	70	0.864425
27	71	0.864429
27	72	0.863462
27	73	0.875579
27	74	0.866805
27	75	0.86377
27	76	0.864673
27	77	0.868618
27	78	0.860751
27	79	0.864262
27	80	0.895274
27	81	0.870429
27	82	0.895278
27	83	0.877335
27	84	0.895456
27	85	0.994645
27	86	0.862526
27	87	0.986696
27	88	0.86259
27	89	0.986742
27	90	0.986742
27	91	0.888843
27	92	0.85344
27	93	0.944128
27	94	0.883626
27	95	0.858872
27	96	0.873897
27	97	0.997819
27	98	0.754236
27	99	0.735493
28	28	1
28	29	0.887455
28	30	0.943261
28	31	0.961615
28	32	0.988159
28	33	0.959742
28	34	0.848649
28	35	0.889726
28	36	0.9847
28	37	0.866458
28	38	0.989448
28	39	0.876596
28	40	0.989003
28	41	0.944615
28	42	0.944658
28	43	0.888026
28	44	0.988824
28	45	0.96007
28	46	0.889532
28	47	0.947069
28	48	0.98436
28	49	0.984119
28	50	0.97972
28	51	0.946444
28	52	0.876912
28	53	0.882643
28	54	0.96281
28	55	0.988534
28	56	0.89403
28	57	0.966892
28	58	0.967022
28	59	0.916303
28	60	0.963827
28	61	0.965361
28	62	0.966724
28	63	0.84892
28	64	0.848948
28	65	0.948444
28	66	0.889338
28	67	0.96103
28	68	0.975965
28	69	0.96659
28	70	0.962434
28	71	0.962439
28	72	0.96124
28	73	0.97628
28	74	0.965385
28	75	0.961623
28	76	0.962742
28	77	0.967635
28	78	0.957882
28	79	0.962232
28	80	0.999171
28	81	0.969882
28	82	0.999167
28	83	0.978465
28	84	0.998944
28	85	0.890321
28	86	0.960081
28	87	0.905532
28	88	0.96016
28	89	0.905494
28	90	0.905494
28	91	0.9928
28	92	0.948837
28	93	0.944619
28	94	0.986296
28	95	0.955555
28	96	0.97419
28	97	0.896363
28	98	0.827788
28	99	0.805265
29	29	1
29	30	0.937501
29	31	0.857093
29	32	0.878117
29	33	0.855604
29	34	0.951
29	35	0.997132
29	36	0.899863
29	37	0.780675
29	38	0.879134
29	39	0.788896
29	40	0.878783
29	41	0.843562
29	42	0.843596
29	43	0.999276
29	44	0.878642
29	45	0.855865
29	46	0.997376
29	47	0.845518
29	48	0.900147
29	49	0.874925
29	50	0.871446
29	51	0.845019
29	52	0.789152
29	53	0.79379
29	54	0.858042
29	55	0.878413
29	56	0.991781
29	57	0.861282
29	58	0.861385
29	59	0.82091
29	60	0.858849
29	61	0.860067
29	62	0.861149
29	63	0.95134
29	64	0.951375
29	65	0.846613
29	66	0.99762
29	67	0.856628
29	68	0.907284
29	69	0.861042
29	70	0.857743
29	71	0.857747
29	72	0.856795
29	73	0.868724
29	74	0.860086
29	75	0.857099
29	76	0.857988
29	77	0.861871
29	78	0.854126
29	79	0.857583
29	80	0.888109
29	81	0.863654
29	82	0.888112
29	83	0.870453
29	84	0.888288
29	85	0.996385
29	86	0.855873
29	87	0.978
29	88	0.855936
29	89	0.978045
29	90	0.978045
29	91	0.88178
29	92	0.846927
29	93	0.936163
29	94	0.876645
29	95	0.852275
29	96	0.867068
29	97	0.988926
29	98	0.749144
29	99	0.73065
30	30	1
30	31	0.909034
30	32	0.932718
30	33	0.90736
30	34	0.894302
30	35	0.940035
30	36	0.957291
30	37	0.823536
30	38	0.933866
30	39	0.832689
30	40	0.933471
30	41	0.893828
30	42	0.893866
30	43	0.938138
30	44	0.933311
30	45	0.907653
30	46	0.939819
30	47	0.896024
30	48	0.957612
30	49	0.929118
30	50	0.925196
30	51	0.895464
30	52	0.832974
30	53	0.838144
30	54	0.910102
30	55	0.933053
30	56	0.944841
30	57	0.913748
30	58	0.913864
30	59	0.868437
30	60	0.91101
30	61	0.91238
30	62	0.913598
30	63	0.894602
30	64	0.894634
30	65	0.897254
30	66	0.939602
30	67	0.908511
30	68	0.965694
30	69	0.913478
30	70	0.909766
30	71	0.90977
30	72	0.908699
30	73	0.922128
30	74	0.912402
30	75	0.90904
30	76	0.910041
30	77	0.914411
30	78	0.905697
30	79	0.909585
30	80	0.944
30	81	0.916418
30	82	0.944004
30	83	0.924077
30	84	0.944202
30	85	0.9407
30	86	0.907663
30	87	0.957698
30	88	0.907733
30	89	0.957654
30	90	0.957654
30	91	0.936852
30	92	0.897606
30	93	0.998478
30	94	0.931059
30	95	0.903617
30	96	0.920263
30	97	0.947447
30	98	0.788525
30	99	0.768062
31	31	1
31	32	0.972825
31	33	0.997974
31	34	0.820843
31	35	0.859211
31	36	0.947459
31	37	0.897499
31	38	0.971579
31	39	0.908381
31	40	0.972008
31	41	0.981629
31	42	0.981675
31	43	0.857626
31	44	0.972181
31	45	0.998329
31	46	0.85903
31	47	0.984279
31	48	0.947145
31	49	0.976772
31	50	0.981145
31	51	0.983603
31	52	0.908721
31	53	0.914876
31	54	0.998711
31	55	0.972462
31	56	0.863224
31	57	0.994357
31	58	0.99422
31	59	0.95109
31	60	0.99762
31	61	0.995981
31	62	0.994534
31	63	0.821096
31	64	0.821123
31	65	0.985764
31	66	0.858849
31	67	0.999367
31	68	0.939369
31	69	0.994676
31	70	0.999116
31	71	0.999111
31	72	0.999594
31	73	0.984619
31	74	0.995955
31	75	0.999992
31	76	0.998784
31	77	0.993573
31	78	0.995963
31	79	0.999333
31	80	0.960848
31	81	0.991214
31	82	0.960845
31	83	0.982407
31	84	0.960639
31	85	0.859766
31	86	0.998341
31	87	0.873943
31	88	0.998426
31	89	0.873907
31	90	0.873907
31	91	0.968368
31	92	0.986188
31	93	0.910295
31	94	0.974637
31	95	0.993448
31	96	0.986755
31	97	0.865399
31	98	0.856075
31	99	0.832009
32	32	1
32	33	0.970908
32	34	0.840106
32	35	0.88034
32	36	0.973216
32	37	0.875549
32	38	0.998684
32	39	0.885901
32	40	0.999137
32	41	0.95543
32	42	0.955474
32	43	0.878676
32	44	0.999319
32	45	0.971243
32	46	0.88015
32	47	0.957941
32	48	0.972885
32	49	0.995863
32	50	0.991358
32	51	0.957301
32	52	0.886225
32	53	0.892078
32	54	0.974048
32	55	0.999616
32	56	0.884553
32	57	0.978226
32	58	0.978359
32	59	0.926476
32	60	0.975088
32	61	0.976659
32	62	0.978054
32	63	0.840371
32	64	0.840399
32	65	0.959347
32	66	0.87996
32	67	0.972226
32	68	0.964683
32	69	0.977917
32	70	0.973663
32	71	0.973668
32	72	0.972441
32	73	0.987837
32	74	0.976684
32	75	0.972833
32	76	0.973978
32	77	0.978986
32	78	0.969004
32	79	0.973457
32	80	0.987349
32	81	0.981287
32	82	0.987345
32	83	0.990074
32	84	0.987128
32	85	0.880923
32	86	0.971255
32	87	0.895812
32	88	0.971336
32	89	0.895774
32	90	0.895774
32	91	0.995291
32	92	0.959749
32	93	0.934046
32	94	0.998093
32	95	0.966623
32	96	0.985697
32	97	0.886837
32	98	0.836081
32	99	0.813111
33	33	1
33	34	0.819477
33	35	0.857715
33	36	0.94564
33	37	0.899137
33	38	0.969667
33	39	0.910059
33	40	0.970094
33	41	0.983589
33	42	0.983635
33	43	0.856135
33	44	0.970266
33	45	0.999644
33	46	0.857534
33	47	0.98625
33	48	0.945327
33	49	0.974839
33	50	0.979195
33	51	0.985571
33	52	0.9104
33	53	0.916579
33	54	0.99669
33	55	0.970546
33	56	0.861714
33	57	0.992354
33	58	0.992217
33	59	0.95293
33	60	0.995603
33	61	0.993972
33	62	0.99253
33	63	0.81973
33	64	0.819756
33	65	0.98774
33	66	0.857354
33	67	0.998605
33	68	0.937581
33	69	0.992672
33	70	0.997093
33	71	0.997089
33	72	0.998379
33	73	0.982655
33	74	0.993946
33	75	0.997966
33	76	0.996764
33	77	0.991573
33	78	0.997981
33	79	0.99731
33	80	0.958978
33	81	0.989223
33	82	0.958974
33	83	0.980452
33	84	0.958769
33	85	0.858268
33	86	0.999632
33	87	0.872395
33	88	0.999546
33	89	0.872359
33	90	0.872359
33	91	0.966468
33	92	0.988167
33	93	0.908616
33	94	0.972712
33	95	0.995456
33	96	0.984782
33	97	0.863881
33	98	0.857565
33	99	0.833417
34	34	1
34	35	0.948406
34	36	0.859989
34	37	0.750488
34	38	0.841037
34	39	0.758081
34	40	0.840716
34	41	0.808424
34	42	0.808455
34	43	0.950344
34	44	0.840587
34	45	0.819716
34	46	0.948626
34	47	0.81022
34	48	0.860248
34	49	0.837184
34	50	0.833998
34	51	0.809762
34	52	0.758318
34	53	0.7626
34	54	0.821714
34	55	0.840377
34	56	0.943564
34	57	0.824684
34	58	0.824779
34	59	0.787597
34	60	0.822454
34	61	0.823571
34	62	0.824563
34	63	0.999624
34	64	0.999585
34	65	0.811226
34	66	0.948847
34	67	0.820417
34	68	0.866764
34	69	0.824465
34	70	0.82144
34	71	0.821443
34	72	0.820569
34	73	0.831505
34	74	0.823588
34	75	0.820848
34	76	0.821664
34	77	0.825225
34	78	0.818121
34	79	0.821293
34	80	0.849248
34	81	0.826859
34	82	0.84925
34	83	0.833089
34	84	0.849411
34	85	0.94773
34	86	0.819725
34	87	0.931081
34	88	0.819782
34	89	0.931122
34	90	0.931122
34	91	0.843458
34	92	0.811514
34	93	0.893084
34	94	0.838759
34	95	0.816423
34	96	0.829988
34	97	0.940979
34	98	0.721302
34	99	0.704141
35	35	1
35	36	0.902198
35	37	0.782432
35	38	0.881362
35	39	0.790689
35	40	0.88101
35	41	0.845613
35	42	0.845647
35	43	0.997854
35	44	0.880868
35	45	0.857977
35	46	0.999755
35	47	0.847579
35	48	0.902483
35	49	0.877132
35	50	0.873636
35	51	0.847078
35	52	0.790947
35	53	0.795606
35	54	0.860165
35	55	0.880638
35	56	0.994618
35	57	0.863421
35	58	0.863524
35	59	0.822853
35	60	0.860976
35	61	0.8622
35	62	0.863287
35	63	0.948744
35	64	0.948779
35	65	0.84868
35	66	0.99951
35	67	0.858744
35	68	0.909657
35	69	0.86318
35	70	0.859864
35	71	0.859868
35	72	0.858911
35	73	0.8709
35	74	0.862219
35	75	0.859217
35	76	0.86011
35	77	0.864013
35	78	0.856229
35	79	0.859703
35	80	0.890383
35	81	0.865805
35	82	0.890386
35	83	0.872638
35	84	0.890563
35	85	0.999249
35	86	0.857985
35	87	0.980758
35	88	0.858049
35	89	0.980804
35	90	0.980804
35	91	0.884022
35	92	0.848994
35	93	0.93869
35	94	0.878861
35	95	0.854369
35	96	0.869236
35	97	0.991747
35	98	0.750761
35	99	0.732188
36	36	1
36	37	0.854948
36	38	0.974466
36	39	0.864816
36	40	0.974035
36	41	0.930951
36	42	0.930993
36	43	0.900451
36	44	0.973862
36	45	0.945958
36	46	0.901999
36	47	0.933335
36	48	0.99965
36	49	0.969298
36	50	0.965029
36	51	0.932727
36	52	0.865124
36	53	0.870702
36	54	0.948619
36	55	0.97358
36	56	0.906624
36	57	0.952581
36	58	0.952707
36	59	0.90344
36	60	0.949605
36	61	0.951095
36	62	0.952418
36	63	0.860268
36	64	0.860296
36	65	0.934669
36	66	0.901799
36	67	0.946891
36	68	0.990993
36	69	0.952288
36	70	0.948254
36	71	0.948258
36	72	0.947094
36	73	0.961692
36	74	0.951118
36	75	0.947466
36	76	0.948552
36	77	0.953302
36	78	0.943834
36	79	0.948058
36	80	0.985505
36	81	0.955483
36	82	0.985509
36	83	0.963812
36	84	0.985726
36	85	0.902811
36	86	0.945969
36	87	0.918455
36	88	0.946046
36	89	0.918415
36	90	0.918415
36	91	0.977718
36	92	0.935051
36	93	0.95869
36	94	0.971409
36	95	0.941575
36	96	0.959663
36	97	0.909023
36	98	0.817276
36	99	0.795314
37	37	1
37	38	0.874539
37	39	0.986829
37	40	0.874887
37	41	0.912832
37	42	0.912792
37	43	0.781118
37	44	0.875027
37	45	0.89885
37	46	0.782282
37	47	0.910552
37	48	0.854692
37	49	0.878745
37	50	0.882282
37	51	0.911131
37	52	0.986428
37	53	0.979276
37	54	0.896461
37	55	0.875254
37	56	0.785759
37	57	0.892951
37	58	0.89284
37	59	0.940927
37	60	0.895581
37	61	0.894261
37	62	0.893094
37	63	0.750699
37	64	0.750721
37	65	0.909285
37	66	0.782132
37	67	0.898009
37	68	0.848356
37	69	0.893209
37	70	0.896787
37	71	0.896783
37	72	0.897826
37	73	0.88509
37	74	0.89424
37	75	0.897493
37	76	0.89652
37	77	0.892319
37	78	0.900776
37	79	0.896962
37	80	0.865835
37	81	0.890416
37	82	0.865832
37	83	0.883302
37	84	0.865665
37	85	0.782893
37	86	0.89884
37	87	0.79463
37	88	0.898771
37	89	0.794601
37	90	0.794601
37	91	0.871937
37	92	0.908924
37	93	0.824571
37	94	0.877016
37	95	0.902843
37	96	0.886816
37	97	0.78756
37	98	0.948843
37	99	0.919369
38	38	1
38	39	0.884868
38	40	0.999546
38	41	0.954229
38	42	0.954272
38	43	0.879695
38	44	0.999363
38	45	0.970002
38	46	0.881172
38	47	0.956733
38	48	0.974134
38	49	0.994558
38	50	0.990065
38	51	0.956094
38	52	0.885191
38	53	0.891031
38	54	0.9728
38	55	0.999067
38	56	0.885586
38	57	0.976966
38	58	0.977099
38	59	0.925346
38	60	0.973837
38	61	0.975403
38	62	0.976795
38	63	0.841303
38	64	0.841331
38	65	0.958135
38	66	0.880982
38	67	0.970982
38	68	0.965911
38	69	0.976658
38	70	0.972415
38	71	0.97242
38	72	0.971196
38	73	0.986552
38	74	0.975428
38	75	0.971587
38	76	0.97273
38	77	0.977725
38	78	0.967768
38	79	0.972209
38	80	0.988636
38	81	0.980019
38	82	0.988632
38	83	0.988783
38	84	0.988414
38	85	0.881947
38	86	0.970013
38	87	0.896871
38	88	0.970094
38	89	0.896833
38	90	0.896833
38	91	0.996599
38	92	0.958537
38	93	0.935197
38	94	0.996781
38	95	0.965394
38	96	0.984418
38	97	0.887875
38	98	0.835161
38	99	0.812241
39	39	1
39	40	0.885224
39	41	0.924091
39	42	0.92405
39	43	0.789347
39	44	0.885367
39	45	0.909764
39	46	0.790536
39	47	0.921754
39	48	0.864555
39	49	0.889173
39	50	0.892796
39	51	0.922348
39	52	0.999588
39	53	0.992245
39	54	0.907317
39	55	0.8856
39	56	0.794087
39	57	0.903722
39	58	0.903608
39	59	0.952894
39	60	0.906416
39	61	0.905063
39	62	0.903868
39	63	0.758297
39	64	0.75832
39	65	0.920456
39	66	0.790383
39	67	0.908903
39	68	0.858072
39	69	0.903986
39	70	0.907651
39	71	0.907647
39	72	0.908716
39	73	0.895671
39	74	0.905042
39	75	0.908374
39	76	0.907378
39	77	0.903074
39	78	0.911737
39	79	0.907831
39	80	0.875958
39	81	0.901125
39	82	0.875955
39	83	0.89384
39	84	0.875784
39	85	0.79116
39	86	0.909754
39	87	0.803148
39	88	0.909683
39	89	0.803118
39	90	0.803118
39	91	0.882204
39	92	0.920086
39	93	0.833747
39	94	0.887404
39	95	0.913855
39	96	0.897438
39	97	0.795927
39	98	0.936977
39	99	0.908224
40	40	1
40	41	0.954642
40	42	0.954686
40	43	0.879344
40	44	0.999817
40	45	0.970429
40	46	0.88082
40	47	0.957148
40	48	0.973703
40	49	0.995007
40	50	0.99051
40	51	0.956509
40	52	0.885547
40	53	0.891391
40	54	0.973229
40	55	0.99952
40	56	0.88523
40	57	0.9774
40	58	0.977532
40	59	0.925735
40	60	0.974268
40	61	0.975835
40	62	0.977229
40	63	0.840982
40	64	0.84101
40	65	0.958552
40	66	0.88063
40	67	0.97141
40	68	0.965488
40	69	0.977091
40	70	0.972845
40	71	0.97285
40	72	0.971625
40	73	0.986994
40	74	0.97586
40	75	0.972016
40	76	0.973159
40	77	0.978159
40	78	0.968194
40	79	0.972639
40	80	0.988192
40	81	0.980456
40	82	0.988188
40	83	0.989227
40	84	0.98797
40	85	0.881594
40	86	0.97044
40	87	0.896506
40	88	0.970521
40	89	0.896468
40	90	0.896468
40	91	0.996148
40	92	0.958954
40	93	0.9348
40	94	0.997233
40	95	0.965817
40	96	0.984858
40	97	0.887517
40	98	0.835478
40	99	0.81254
41	41	1
41	42	0.999952
41	43	0.844078
41	44	0.954809
41	45	0.983245
41	46	0.845438
41	47	0.997265
41	48	0.930648
41	49	0.959237
41	50	0.963454
41	51	0.997959
41	52	0.924443
41	53	0.930814
41	54	0.980386
41	55	0.95508
41	56	0.8495
41	57	0.976191
41	58	0.976058
41	59	0.968326
41	60	0.979335
41	61	0.977756
41	62	0.976361
41	63	0.80867
41	64	0.808695
41	65	0.995745
41	66	0.845263
41	67	0.982239
41	68	0.92314
41	69	0.976499
41	70	0.980777
41	71	0.980772
41	72	0.98202
41	73	0.966804
41	74	0.977731
41	75	0.981621
41	76	0.980458
41	77	0.975435
41	78	0.98555
41	79	0.980987
41	80	0.943875
41	81	0.973161
41	82	0.943872
41	83	0.964671
41	84	0.943673
41	85	0.846151
41	86	0.983233
41	87	0.859878
41	88	0.98315
41	89	0.859844
41	90	0.859844
41	91	0.951131
41	92	0.995312
41	93	0.895047
41	94	0.957178
41	95	0.988025
41	96	0.968863
41	97	0.851606
41	98	0.870014
41	99	0.845169
42	42	1
42	43	0.844112
42	44	0.954853
42	45	0.983291
42	46	0.845472
42	47	0.997312
42	48	0.93069
42	49	0.959281
42	50	0.963499
42	51	0.998007
42	52	0.924402
42	53	0.930772
42	54	0.980433
42	55	0.955124
42	56	0.849535
42	57	0.976236
42	58	0.976104
42	59	0.968281
42	60	0.979381
42	61	0.977802
42	62	0.976407
42	63	0.808701
42	64	0.808726
42	65	0.995793
42	66	0.845297
42	67	0.982285
42	68	0.923181
42	69	0.976544
42	70	0.980823
42	71	0.980818
42	72	0.982066
42	73	0.966849
42	74	0.977777
42	75	0.981667
42	76	0.980504
42	77	0.97548
42	78	0.985596
42	79	0.981033
42	80	0.943918
42	81	0.973207
42	82	0.943914
42	83	0.964716
42	84	0.943716
42	85	0.846185
42	86	0.983279
42	87	0.859914
42	88	0.983196
42	89	0.859879
42	90	0.859879
42	91	0.951174
42	92	0.99536
42	93	0.895085
42	94	0.957222
42	95	0.988072
42	96	0.968908
42	97	0.851641
42	98	0.869978
42	99	0.845135
43	43	1
43	44	0.879202
43	45	0.856396
43	46	0.998098
43	47	0.846037
43	48	0.900735
43	49	0.87548
43	50	0.871997
43	51	0.845537
43	52	0.789604
43	53	0.794247
43	54	0.858576
43	55	0.878973
43	56	0.992495
43	57	0.86182
43	58	0.861923
43	59	0.821399
43	60	0.859384
43	61	0.860604
43	62	0.861687
43	63	0.950684
43	64	0.950719
43	65	0.847133
43	66	0.998342
43	67	0.85716
43	68	0.907881
43	69	0.86158
43	70	0.858277
43	71	0.858281
43	72	0.857327
43	73	0.869271
43	74	0.860623
43	75	0.857631
43	76	0.858522
43	77	0.86241
43	78	0.854655
43	79	0.858116
43	80	0.888681
43	81	0.864195
43	82	0.888684
43	83	0.871003
43	84	0.88886
43	85	0.997105
43	86	0.856405
43	87	0.978694
43	88	0.856468
43	89	0.978739
43	90	0.978739
43	91	0.882344
43	92	0.847447
43	93	0.936799
43	94	0.877203
43	95	0.852802
43	96	0.867613
43	97	0.989636
43	98	0.749551
43	99	0.731037
44	44	1
44	45	0.970601
44	46	0.880678
44	47	0.957316
44	48	0.97353
44	49	0.995188
44	50	0.99069
44	51	0.956677
44	52	0.88569
44	53	0.891537
44	54	0.973403
44	55	0.999703
44	56	0.885087
44	57	0.977574
44	58	0.977707
44	59	0.925892
44	60	0.974441
44	61	0.97601
44	62	0.977403
44	63	0.840853
44	64	0.84088
44	65	0.95872
44	66	0.880488
44	67	0.971583
44	68	0.965317
44	69	0.977266
44	70	0.973018
44	71	0.973023
44	72	0.971797
44	73	0.987173
44	74	0.976034
44	75	0.972189
44	76	0.973333
44	77	0.978334
44	78	0.968365
44	79	0.972812
44	80	0.988013
44	81	0.980632
44	82	0.98801
44	83	0.989406
44	84	0.987792
44	85	0.881452
44	86	0.970613
44	87	0.896359
44	88	0.970694
44	89	0.896321
44	90	0.896321
44	91	0.995966
44	92	0.959122
44	93	0.934641
44	94	0.997415
44	95	0.965988
44	96	0.985035
44	97	0.887373
44	98	0.835605
44	99	0.812661
45	45	1
45	46	0.857796
45	47	0.985904
45	48	0.945645
45	49	0.975178
45	50	0.979537
45	51	0.985226
45	52	0.910105
45	53	0.91628
45	54	0.997044
45	55	0.970881
45	56	0.861978
45	57	0.992705
45	58	0.992568
45	59	0.952607
45	60	0.995956
45	61	0.994323
45	62	0.992881
45	63	0.819969
45	64	0.819995
45	65	0.987393
45	66	0.857616
45	67	0.99896
45	68	0.937895
45	69	0.993023
45	70	0.997448
45	71	0.997443
45	72	0.998734
45	73	0.982999
45	74	0.994298
45	75	0.998321
45	76	0.997117
45	77	0.991923
45	78	0.997627
45	79	0.997664
45	80	0.959305
45	81	0.989572
45	82	0.959302
45	83	0.980794
45	84	0.959096
45	85	0.85853
45	86	0.999988
45	87	0.872666
45	88	0.999902
45	89	0.87263
45	90	0.87263
45	91	0.966801
45	92	0.987819
45	93	0.90891
45	94	0.973049
45	95	0.995103
45	96	0.985128
45	97	0.864147
45	98	0.857304
45	99	0.833169
46	46	1
46	47	0.847403
46	48	0.902284
46	49	0.876944
46	50	0.873449
46	51	0.846902
46	52	0.790794
46	53	0.795451
46	54	0.859984
46	55	0.880448
46	56	0.994376
46	57	0.863238
46	58	0.863342
46	59	0.822687
46	60	0.860794
46	61	0.862018
46	62	0.863105
46	63	0.948965
46	64	0.949
46	65	0.848503
46	66	0.999755
46	67	0.858563
46	68	0.909455
46	69	0.862997
46	70	0.859683
46	71	0.859687
46	72	0.85873
46	73	0.870714
46	74	0.862037
46	75	0.859036
46	76	0.859929
46	77	0.86383
46	78	0.856049
46	79	0.859522
46	80	0.890189
46	81	0.865621
46	82	0.890192
46	83	0.872451
46	84	0.890369
46	85	0.999004
46	86	0.857805
46	87	0.980523
46	88	0.857868
46	89	0.980568
46	90	0.980568
46	91	0.88383
46	92	0.848818
46	93	0.938475
46	94	0.878672
46	95	0.854191
46	96	0.869051
46	97	0.991506
46	98	0.750623
46	99	0.732057
47	47	1
47	48	0.93303
47	49	0.961768
47	50	0.966007
47	51	0.999302
47	52	0.922104
47	53	0.928443
47	54	0.98303
47	55	0.957588
47	56	0.851484
47	57	0.978812
47	58	0.978679
47	59	0.965761
47	60	0.981973
47	61	0.980385
47	62	0.978983
47	63	0.810467
47	64	0.810493
47	65	0.998472
47	66	0.847227
47	67	0.984893
47	68	0.925484
47	69	0.979121
47	70	0.983422
47	71	0.983418
47	72	0.984673
47	73	0.969375
47	74	0.98036
47	75	0.984271
47	76	0.983101
47	77	0.978052
47	78	0.988221
47	79	0.983633
47	80	0.946325
47	81	0.975766
47	82	0.946322
47	83	0.96723
47	84	0.946122
47	85	0.84812
47	86	0.985892
47	87	0.861911
47	88	0.985808
47	89	0.861877
47	90	0.861877
47	91	0.953619
47	92	0.998037
47	93	0.89725
47	94	0.959698
47	95	0.99071
47	96	0.971444
47	97	0.8536
47	98	0.867943
47	99	0.843214
48	48	1
48	49	0.968969
48	50	0.964703
48	51	0.932423
48	52	0.864863
48	53	0.870436
48	54	0.948304
48	55	0.973248
48	56	0.906912
48	57	0.952263
48	58	0.952389
48	59	0.903155
48	60	0.94929
48	61	0.950778
48	62	0.952101
48	63	0.860527
48	64	0.860556
48	65	0.934364
48	66	0.902084
48	67	0.946577
48	68	0.991337
48	69	0.95197
48	70	0.947939
48	71	0.947944
48	72	0.946781
48	73	0.961368
48	74	0.950802
48	75	0.947152
48	76	0.948238
48	77	0.952984
48	78	0.943523
48	79	0.947743
48	80	0.985165
48	81	0.955164
48	82	0.985169
48	83	0.963487
48	84	0.985386
48	85	0.903096
48	86	0.945656
48	87	0.91875
48	88	0.945733
48	89	0.918711
48	90	0.918711
48	91	0.977383
48	92	0.934745
48	93	0.959012
48	94	0.971079
48	95	0.941265
48	96	0.959341
48	97	0.909312
48	98	0.817042
48	99	0.795093
49	49	1
49	50	0.995458
49	51	0.961123
49	52	0.889499
49	53	0.895396
49	54	0.978006
49	55	0.995483
49	56	0.881315
49	57	0.982217
49	58	0.982351
49	59	0.930055
49	60	0.979054
49	61	0.980637
49	62	0.982044
49	63	0.837448
49	64	0.837475
49	65	0.963185
49	66	0.876755
49	67	0.976169
49	68	0.960833
49	69	0.981905
49	70	0.977617
49	71	0.977622
49	72	0.976385
49	73	0.991907
49	74	0.980662
49	75	0.97678
49	76	0.977935
49	77	0.982984
49	78	0.972921
49	79	0.977409
49	80	0.983316
49	81	0.985303
49	82	0.983312
49	83	0.994162
49	84	0.983097
49	85	0.877711
49	86	0.975189
49	87	0.892491
49	88	0.975271
49	89	0.892453
49	90	0.892453
49	91	0.991193
49	92	0.963591
49	93	0.930436
49	94	0.997762
49	95	0.97052
49	96	0.989749
49	97	0.883582
49	98	0.838995
49	99	0.815867
50	50	1
50	51	0.965356
50	52	0.893124
50	53	0.89907
50	54	0.98239
50	55	0.990981
50	56	0.877785
50	57	0.986639
50	58	0.986774
50	59	0.934019
50	60	0.983448
50	61	0.985045
50	62	0.986465
50	63	0.83426
50	64	0.834287
50	65	0.967437
50	66	0.873262
50	67	0.980536
50	68	0.956638
50	69	0.986325
50	70	0.981998
50	71	0.982003
50	72	0.980755
50	73	0.996417
50	74	0.98507
50	75	0.981153
50	76	0.982318
50	77	0.987412
50	78	0.977259
50	79	0.981788
50	80	0.978924
50	81	0.989753
50	82	0.97892
50	83	0.998693
50	84	0.978706
50	85	0.87421
50	86	0.979548
50	87	0.888871
50	88	0.979631
50	89	0.888834
50	90	0.888834
50	91	0.98673
50	92	0.967846
50	93	0.926502
50	94	0.99324
50	95	0.974837
50	96	0.994239
50	97	0.880034
50	98	0.842219
50	99	0.818916
51	51	1
51	52	0.922698
51	53	0.929045
51	54	0.982356
51	55	0.956949
51	56	0.850978
51	57	0.978143
51	58	0.97801
51	59	0.966412
51	60	0.9813
51	61	0.979715
51	62	0.978315
51	63	0.810009
51	64	0.810035
51	65	0.997777
51	66	0.846726
51	67	0.984216
51	68	0.924886
51	69	0.978453
51	70	0.982748
51	71	0.982743
51	72	0.983996
51	73	0.968719
51	74	0.97969
51	75	0.983596
51	76	0.982427
51	77	0.977384
51	78	0.98754
51	79	0.982958
51	80	0.945701
51	81	0.975102
51	82	0.945697
51	83	0.966578
51	84	0.945498
51	85	0.847618
51	86	0.985214
51	87	0.861393
51	88	0.98513
51	89	0.861358
51	90	0.861358
51	91	0.952985
51	92	0.997342
51	93	0.896688
51	94	0.959055
51	95	0.990025
51	96	0.970786
51	97	0.853092
51	98	0.868469
51	99	0.843711
52	52	1
52	53	0.99265
52	54	0.907656
52	55	0.885923
52	56	0.794347
52	57	0.904059
52	58	0.903945
52	59	0.953268
52	60	0.906755
52	61	0.905401
52	62	0.904205
52	63	0.758534
52	64	0.758557
52	65	0.920805
52	66	0.790641
52	67	0.909244
52	68	0.858375
52	69	0.904323
52	70	0.907991
52	71	0.907986
52	72	0.909056
52	73	0.896002
52	74	0.90538
52	75	0.908714
52	76	0.907717
52	77	0.90341
52	78	0.91208
52	79	0.90817
52	80	0.876274
52	81	0.90146
52	82	0.876271
52	83	0.89417
52	84	0.8761
52	85	0.791418
52	86	0.910095
52	87	0.803414
52	88	0.910024
52	89	0.803384
52	90	0.803384
52	91	0.882525
52	92	0.920435
52	93	0.834033
52	94	0.887728
52	95	0.9142
52	96	0.89777
52	97	0.796188
52	98	0.936615
52	99	0.907884
53	53	1
53	54	0.913797
53	55	0.891773
53	56	0.799046
53	57	0.910151
53	58	0.910036
53	59	0.960044
53	60	0.912884
53	61	0.911511
53	62	0.910299
53	63	0.762818
53	64	0.762841
53	65	0.927126
53	66	0.795296
53	67	0.915406
53	68	0.863865
53	69	0.910418
53	70	0.914136
53	71	0.914132
53	72	0.915216
53	73	0.901986
53	74	0.91149
53	75	0.91487
53	76	0.913859
53	77	0.909494
53	78	0.918281
53	79	0.914318
53	80	0.881997
53	81	0.907517
53	82	0.881994
53	83	0.900129
53	84	0.88182
53	85	0.796083
53	86	0.916269
53	87	0.808222
53	88	0.916197
53	89	0.808191
53	90	0.808191
53	91	0.888329
53	92	0.926751
53	93	0.839216
53	94	0.893602
53	95	0.92043
53	96	0.903778
53	97	0.800909
53	98	0.930165
53	99	0.901822
54	54	1
54	55	0.973684
54	56	0.864187
54	57	0.995635
54	58	0.995497
54	59	0.949924
54	60	0.998906
54	61	0.997264
54	62	0.995813
54	63	0.821968
54	64	0.821994
54	65	0.984511
54	66	0.859802
54	67	0.99808
54	68	0.94051
54	69	0.995955
54	70	0.999594
54	71	0.999599
54	72	0.998306
54	73	0.985872
54	74	0.997238
54	75	0.998719
54	76	0.999926
54	77	0.994849
54	78	0.994684
54	79	0.999376
54	80	0.962042
54	81	0.992484
54	82	0.962038
54	83	0.983655
54	84	0.961832
54	85	0.860721
54	86	0.997056
54	87	0.87493
54	88	0.997141
54	89	0.874894
54	90	0.874894
54	91	0.96958
54	92	0.984934
54	93	0.911366
54	94	0.975865
54	95	0.992176
54	96	0.988013
54	97	0.866366
54	98	0.85513
54	99	0.831116
55	55	1
55	56	0.884854
55	57	0.977858
55	58	0.977991
55	59	0.926146
55	60	0.974723
55	61	0.976293
55	62	0.977687
55	63	0.840643
55	64	0.84067
55	65	0.958993
55	66	0.880258
55	67	0.971864
55	68	0.96504
55	69	0.97755
55	70	0.973299
55	71	0.973304
55	72	0.972078
55	73	0.987462
55	74	0.976317
55	75	0.972469
55	76	0.973614
55	77	0.978618
55	78	0.968644
55	79	0.973093
55	80	0.987724
55	81	0.980917
55	82	0.98772
55	83	0.989697
55	84	0.987502
55	85	0.881221
55	86	0.970893
55	87	0.89612
55	88	0.970974
55	89	0.896082
55	90	0.896082
55	91	0.995672
55	92	0.959396
55	93	0.934381
55	94	0.99771
55	95	0.966265
55	96	0.985324
55	97	0.887139
55	98	0.835813
55	99	0.812857
56	56	1
56	57	0.867473
56	58	0.867578
56	59	0.826533
56	60	0.865006
56	61	0.866241
56	62	0.867339
56	63	0.943898
56	64	0.943933
56	65	0.852595
56	66	0.994134
56	67	0.862752
56	68	0.914157
56	69	0.86723
56	70	0.863884
56	71	0.863888
56	72	0.862921
56	73	0.875023
56	74	0.866261
56	75	0.86323
56	76	0.864132
56	77	0.868071
56	78	0.860214
56	79	0.863721
56	80	0.894694
56	81	0.86988
56	82	0.894697
56	83	0.876778
56	84	0.894875
56	85	0.995363
56	86	0.861987
56	87	0.985991
56	88	0.862051
56	89	0.986037
56	90	0.986037
56	91	0.888271
56	92	0.852913
56	93	0.943483
56	94	0.883061
56	95	0.858337
56	96	0.873343
56	97	0.997097
56	98	0.753824
56	99	0.735101
57	57	1
57	58	0.999861
57	59	0.945984
57	60	0.996722
57	61	0.998363
57	62	0.999821
57	63	0.82494
57	64	0.824967
57	65	0.98028
57	66	0.863056
57	67	0.993732
57	68	0.944404
57	69	0.999677
57	70	0.995233
57	71	0.995238
57	72	0.993956
57	73	0.990152
57	74	0.998389
57	75	0.994365
57	76	0.995562
57	77	0.999207
57	78	0.990366
57	79	0.995017
57	80	0.966116
57	81	0.996821
57	82	0.966113
57	83	0.987915
57	84	0.965905
57	85	0.863982
57	86	0.992716
57	87	0.878299
57	88	0.992801
57	89	0.878262
57	90	0.878262
57	91	0.973719
57	92	0.9807
57	93	0.915022
57	94	0.980058
57	95	0.987879
57	96	0.992312
57	97	0.86967
57	98	0.851936
57	99	0.828099
58	58	1
58	59	0.94586
58	60	0.996584
58	61	0.998224
58	62	0.999682
58	63	0.825035
58	64	0.825061
58	65	0.980146
58	66	0.863159
58	67	0.993594
58	68	0.944528
58	69	0.999538
58	70	0.995095
58	71	0.9951
58	72	0.993818
58	73	0.990288
58	74	0.99825
58	75	0.994228
58	76	0.995424
58	77	0.999345
58	78	0.990229
58	79	0.994879
58	80	0.966246
58	81	0.996959
58	82	0.966242
58	83	0.988051
58	84	0.966034
58	85	0.864085
58	86	0.992579
58	87	0.878406
58	88	0.992664
58	89	0.87837
58	90	0.87837
58	91	0.973851
58	92	0.980566
58	93	0.915138
58	94	0.980191
58	95	0.987743
58	96	0.992448
58	97	0.869775
58	98	0.851835
58	99	0.828004
59	59	1
59	60	0.948937
59	61	0.947454
59	62	0.946145
59	63	0.78783
59	64	0.787854
59	65	0.964336
59	66	0.822521
59	67	0.951663
59	68	0.896082
59	69	0.946273
59	70	0.95029
59	71	0.950286
59	72	0.951458
59	73	0.937167
59	74	0.947431
59	75	0.951083
59	76	0.949991
59	77	0.945274
59	78	0.954771
59	79	0.950487
59	80	0.915607
59	81	0.943139
59	82	0.915603
59	83	0.935162
59	84	0.915416
59	85	0.823362
59	86	0.952596
59	87	0.836355
59	88	0.952518
59	89	0.836322
59	90	0.836322
59	91	0.922433
59	92	0.96393
59	93	0.869588
59	94	0.928119
59	95	0.957093
59	96	0.939101
59	97	0.828526
59	98	0.895498
59	99	0.869199
60	60	1
60	61	0.998354
60	62	0.9969
60	63	0.822708
60	64	0.822734
60	65	0.98345
60	66	0.860613
60	67	0.99699
60	68	0.94148
60	69	0.997043
60	70	0.998501
60	71	0.998506
60	72	0.997216
60	73	0.986938
60	74	0.998328
60	75	0.997628
60	76	0.998832
60	77	0.995934
60	78	0.993602
60	79	0.998284
60	80	0.963056
60	81	0.993564
60	82	0.963052
60	83	0.984715
60	84	0.962846
60	85	0.861533
60	86	0.995968
60	87	0.875769
60	88	0.996054
60	89	0.875733
60	90	0.875733
60	91	0.970611
60	92	0.983873
60	93	0.912276
60	94	0.976909
60	95	0.991099
60	96	0.989083
60	97	0.867189
60	98	0.85433
60	99	0.830361
61	61	1
61	62	0.998541
61	63	0.823826
61	64	0.823852
61	65	0.981858
61	66	0.861836
61	67	0.995354
61	68	0.942943
61	69	0.998685
61	70	0.99686
61	71	0.996865
61	72	0.995579
61	73	0.988547
61	74	0.999974
61	75	0.995989
61	76	0.99719
61	77	0.997572
61	78	0.991977
61	79	0.996643
61	80	0.964588
61	81	0.995194
61	82	0.964584
61	83	0.986317
61	84	0.964377
61	85	0.862759
61	86	0.994335
61	87	0.877035
61	88	0.99442
61	89	0.876999
61	90	0.876999
61	91	0.972167
61	92	0.98228
61	93	0.913651
61	94	0.978485
61	95	0.989482
61	96	0.990699
61	97	0.868431
61	98	0.853128
61	99	0.829225
62	62	1
62	63	0.824818
62	64	0.824845
62	65	0.980452
62	66	0.862922
62	67	0.993908
62	68	0.944244
62	69	0.999856
62	70	0.99541
62	71	0.995415
62	72	0.994133
62	73	0.989976
62	74	0.998567
62	75	0.994542
62	76	0.995739
62	77	0.999028
62	78	0.990541
62	79	0.995194
62	80	0.965949
62	81	0.996643
62	82	0.965946
62	83	0.98774
62	84	0.965738
62	85	0.863848
62	86	0.992893
62	87	0.87816
62	88	0.992978
62	89	0.878124
62	90	0.878124
62	91	0.97355
62	92	0.980872
62	93	0.914872
62	94	0.979886
62	95	0.988053
62	96	0.992135
62	97	0.869534
62	98	0.852066
62	99	0.828222
63	63	1
63	64	0.999961
63	65	0.811474
63	66	0.949185
63	67	0.82067
63	68	0.867047
63	69	0.824721
63	70	0.821693
63	71	0.821697
63	72	0.820823
63	73	0.831765
63	74	0.823843
63	75	0.821102
63	76	0.821918
63	77	0.825481
63	78	0.818373
63	79	0.821546
63	80	0.849519
63	81	0.827116
63	82	0.849522
63	83	0.83335
63	84	0.849683
63	85	0.948068
63	86	0.819977
63	87	0.931407
63	88	0.820035
63	89	0.931448
63	90	0.931448
63	91	0.843726
63	92	0.811761
63	93	0.893384
63	94	0.839024
63	95	0.816674
63	96	0.830247
63	97	0.941312
63	98	0.721498
63	99	0.704328
64	64	1
64	65	0.811499
64	66	0.949221
64	67	0.820696
64	68	0.867076
64	69	0.824747
64	70	0.82172
64	71	0.821723
64	72	0.820849
64	73	0.831792
64	74	0.82387
64	75	0.821128
64	76	0.821944
64	77	0.825508
64	78	0.818399
64	79	0.821573
64	80	0.849547
64	81	0.827143
64	82	0.84955
64	83	0.833377
64	84	0.849711
64	85	0.948103
64	86	0.820003
64	87	0.931441
64	88	0.820061
64	89	0.931482
64	90	0.931482
64	91	0.843754
64	92	0.811787
64	93	0.893416
64	94	0.839051
64	95	0.8167
64	96	0.830274
64	97	0.941347
64	98	0.721518
64	99	0.704347
65	65	1
65	66	0.848327
65	67	0.986379
65	68	0.926796
65	69	0.98059
65	70	0.984904
65	71	0.9849
65	72	0.986158
65	73	0.970814
65	74	0.981833
65	75	0.985756
65	76	0.984582
65	77	0.979517
65	78	0.989718
65	79	0.985116
65	80	0.947698
65	81	0.977225
65	82	0.947694
65	83	0.968664
65	84	0.947494
65	85	0.849222
65	86	0.987381
65	87	0.86305
65	88	0.987297
65	89	0.863015
65	90	0.863015
65	91	0.955012
65	92	0.999563
65	93	0.898483
65	94	0.961109
65	95	0.992214
65	96	0.97289
65	97	0.854716
65	98	0.866791
65	99	0.842128
66	66	1
66	67	0.858382
66	68	0.909252
66	69	0.862815
66	70	0.859502
66	71	0.859506
66	72	0.85855
66	73	0.870528
66	74	0.861855
66	75	0.858855
66	76	0.859748
66	77	0.863647
66	78	0.85587
66	79	0.859341
66	80	0.889995
66	81	0.865437
66	82	0.889998
66	83	0.872265
66	84	0.890175
66	85	0.99876
66	86	0.857625
66	87	0.980287
66	88	0.857688
66	89	0.980333
66	90	0.980333
66	91	0.883639
66	92	0.848641
66	93	0.938259
66	94	0.878483
66	95	0.854012
66	96	0.868866
66	97	0.991265
66	98	0.750485
66	99	0.731926
67	67	1
67	68	0.938811
67	69	0.994051
67	70	0.998484
67	71	0.998479
67	72	0.999773
67	73	0.984006
67	74	0.995328
67	75	0.999359
67	76	0.998153
67	77	0.992948
67	78	0.996592
67	79	0.998702
67	80	0.960264
67	81	0.990592
67	82	0.960261
67	83	0.981797
67	84	0.960055
67	85	0.859298
67	86	0.998972
67	87	0.873459
67	88	0.999058
67	89	0.873423
67	90	0.873423
67	91	0.967775
67	92	0.986804
67	93	0.909771
67	94	0.974036
67	95	0.994073
67	96	0.986139
67	97	0.864925
67	98	0.856539
67	99	0.832447
68	68	1
68	69	0.944116
68	70	0.940151
68	71	0.940155
68	72	0.939011
68	73	0.953359
68	74	0.942967
68	75	0.939376
68	76	0.940444
68	77	0.945113
68	78	0.935806
68	79	0.939958
68	80	0.976756
68	81	0.947257
68	82	0.97676
68	83	0.955442
68	84	0.976973
68	85	0.91028
68	86	0.937905
68	87	0.926187
68	88	0.937981
68	89	0.926146
68	90	0.926146
68	91	0.969106
68	92	0.927172
68	93	0.967117
68	94	0.962908
68	95	0.933586
68	96	0.951365
68	97	0.916596
68	98	0.81125
68	99	0.789606
69	69	1
69	70	0.995553
69	71	0.995558
69	72	0.994275
69	73	0.989835
69	74	0.998711
69	75	0.994684
69	76	0.995882
69	77	0.998884
69	78	0.990683
69	79	0.995337
69	80	0.965815
69	81	0.9965
69	82	0.965811
69	83	0.9876
69	84	0.965603
69	85	0.863741
69	86	0.993035
69	87	0.878049
69	88	0.99312
69	89	0.878013
69	90	0.878013
69	91	0.973413
69	92	0.981011
69	93	0.914752
69	94	0.979748
69	95	0.988194
69	96	0.991994
69	97	0.869425
69	98	0.852171
69	99	0.828321
70	70	1
70	71	0.999995
70	72	0.998711
70	73	0.985478
70	74	0.996834
70	75	0.999124
70	76	0.999668
70	77	0.994447
70	78	0.995086
70	79	0.999782
70	80	0.961666
70	81	0.992084
70	82	0.961662
70	83	0.983262
70	84	0.961456
70	85	0.860421
70	86	0.997459
70	87	0.874619
70	88	0.997545
70	89	0.874583
70	90	0.874583
70	91	0.969199
70	92	0.985328
70	93	0.911029
70	94	0.975478
70	95	0.992576
70	96	0.987617
70	97	0.866062
70	98	0.855427
70	99	0.831397
71	71	1
71	72	0.998706
71	73	0.985483
71	74	0.996839
71	75	0.999119
71	76	0.999673
71	77	0.994452
71	78	0.995081
71	79	0.999777
71	80	0.961671
71	81	0.992089
71	82	0.961667
71	83	0.983267
71	84	0.961461
71	85	0.860425
71	86	0.997454
71	87	0.874623
71	88	0.99754
71	89	0.874587
71	90	0.874587
71	91	0.969204
71	92	0.985324
71	93	0.911033
71	94	0.975483
71	95	0.992571
71	96	0.987622
71	97	0.866066
71	98	0.855423
71	99	0.831393
72	72	1
72	73	0.984226
72	74	0.995553
72	75	0.999586
72	76	0.99838
72	77	0.993172
72	78	0.996366
72	79	0.998928
72	80	0.960474
72	81	0.990815
72	82	0.96047
72	83	0.982015
72	84	0.960264
72	85	0.859466
72	86	0.998746
72	87	0.873633
72	88	0.998831
72	89	0.873597
72	90	0.873597
72	91	0.967988
72	92	0.986583
72	93	0.909959
72	94	0.974252
72	95	0.993849
72	96	0.98636
72	97	0.865095
72	98	0.856373
72	99	0.83229
73	73	1
73	74	0.988572
73	75	0.984627
73	76	0.985801
73	77	0.990931
73	78	0.980706
73	79	0.985266
73	80	0.97549
73	81	0.993288
73	82	0.975486
73	83	0.997718
73	84	0.975274
73	85	0.87147
73	86	0.983011
73	87	0.886039
73	88	0.983094
73	89	0.886002
73	90	0.886002
73	91	0.983242
73	92	0.971226
73	93	0.923426
73	94	0.989705
73	95	0.978267
73	96	0.997807
73	97	0.877258
73	98	0.844778
73	99	0.821334
74	74	1
74	75	0.995963
74	76	0.997164
74	77	0.997598
74	78	0.991951
74	79	0.996617
74	80	0.964612
74	81	0.99522
74	82	0.964609
74	83	0.986342
74	84	0.964401
74	85	0.862779
74	86	0.99431
74	87	0.877055
74	88	0.994395
74	89	0.877019
74	90	0.877019
74	91	0.972191
74	92	0.982255
74	93	0.913673
74	94	0.97851
74	95	0.989456
74	96	0.990725
74	97	0.868451
74	98	0.853109
74	99	0.829207
75	75	1
75	76	0.998792
75	77	0.99358
75	78	0.995955
75	79	0.999341
75	80	0.960856
75	81	0.991222
75	82	0.960852
75	83	0.982415
75	84	0.960646
75	85	0.859772
75	86	0.998333
75	87	0.873949
75	88	0.998419
75	89	0.873913
75	90	0.873913
75	91	0.968376
75	92	0.986181
75	93	0.910302
75	94	0.974645
75	95	0.99344
75	96	0.986763
75	97	0.865405
75	98	0.856069
75	99	0.832004
76	76	1
76	77	0.994775
76	78	0.994758
76	79	0.99945
76	80	0.961973
76	81	0.992411
76	82	0.961969
76	83	0.983583
76	84	0.961763
76	85	0.860667
76	86	0.997129
76	87	0.874873
76	88	0.997215
76	89	0.874837
76	90	0.874837
76	91	0.969511
76	92	0.985006
76	93	0.911305
76	94	0.975794
76	95	0.992249
76	96	0.987941
76	97	0.866311
76	98	0.855184
76	99	0.831167
77	77	1
77	78	0.989588
77	79	0.994231
77	80	0.966858
77	81	0.997611
77	82	0.966854
77	83	0.98869
77	84	0.966646
77	85	0.864575
77	86	0.991935
77	87	0.878911
77	88	0.992019
77	89	0.878875
77	90	0.878875
77	91	0.974473
77	92	0.979937
77	93	0.915687
77	94	0.980821
77	95	0.987104
77	96	0.993094
77	97	0.870271
77	98	0.85136
77	99	0.827555
78	78	1
78	79	0.995302
78	80	0.957121
78	81	0.987248
78	82	0.957117
78	83	0.978511
78	84	0.956913
78	85	0.856781
78	86	0.997615
78	87	0.870858
78	88	0.997529
78	89	0.870822
78	90	0.870822
78	91	0.964582
78	92	0.990146
78	93	0.906949
78	94	0.970802
78	95	0.997464
78	96	0.982824
78	97	0.862374
78	98	0.859056
78	99	0.834824
79	79	1
79	80	0.961465
79	81	0.99187
79	82	0.961461
79	83	0.983051
79	84	0.961255
79	85	0.860259
79	86	0.997676
79	87	0.874452
79	88	0.997762
79	89	0.874416
79	90	0.874416
79	91	0.968994
79	92	0.98554
79	93	0.910848
79	94	0.975271
79	95	0.99279
79	96	0.987405
79	97	0.865898
79	98	0.855586
79	99	0.831548
80	80	1
80	81	0.969102
80	82	0.999996
80	83	0.977671
80	84	0.999773
80	85	0.89098
80	86	0.959316
80	87	0.906213
80	88	0.959396
80	89	0.906175
80	90	0.906175
80	91	0.991983
80	92	0.94809
80	93	0.94536
80	94	0.98549
80	95	0.954798
80	96	0.973403
80	97	0.89703
80	98	0.827219
80	99	0.804727
81	81	1
81	82	0.969098
81	83	0.991037
81	84	0.968889
81	85	0.866369
81	86	0.989584
81	87	0.880765
81	88	0.989668
81	89	0.880729
81	90	0.880729
81	91	0.976752
81	92	0.977642
81	93	0.9177
81	94	0.98313
81	95	0.984776
81	96	0.995462
81	97	0.872088
81	98	0.849628
81	99	0.825918
82	82	1
82	83	0.977667
82	84	0.999777
82	85	0.890983
82	86	0.959313
82	87	0.906217
82	88	0.959392
82	89	0.906178
82	90	0.906178
82	91	0.991979
82	92	0.948087
82	93	0.945364
82	94	0.985486
82	95	0.954794
82	96	0.973399
82	97	0.897033
82	98	0.827217
82	99	0.804725
83	83	1
83	84	0.977454
83	85	0.873211
83	86	0.980806
83	87	0.887838
83	88	0.980888
83	89	0.887801
83	90	0.887801
83	91	0.985458
83	92	0.969074
83	93	0.92538
83	94	0.99195
83	95	0.976083
83	96	0.995535
83	97	0.879021
83	98	0.843149
83	99	0.819794
84	84	1
84	85	0.89116
84	86	0.959107
84	87	0.9064
84	88	0.959187
84	89	0.906361
84	90	0.906361
84	91	0.991759
84	92	0.947886
84	93	0.945563
84	94	0.985269
84	95	0.954591
84	96	0.973188
84	97	0.897213
84	98	0.827064
84	99	0.80458
85	85	1
85	86	0.858539
85	87	0.981482
85	88	0.858603
85	89	0.981528
85	90	0.981528
85	91	0.88461
85	92	0.849537
85	93	0.939353
85	94	0.879443
85	95	0.854919
85	96	0.869804
85	97	0.992487
85	98	0.751186
85	99	0.732592
86	86	1
86	87	0.872675
86	88	0.999914
86	89	0.872639
86	90	0.872639
86	91	0.966812
86	92	0.987807
86	93	0.90892
86	94	0.973061
86	95	0.995091
86	96	0.985139
86	97	0.864156
86	98	0.857295
86	99	0.833161
87	87	1
87	88	0.87274
87	89	0.999953
87	90	0.999953
87	91	0.899624
87	92	0.863375
87	93	0.956302
87	94	0.894281
87	95	0.868934
87	96	0.884316
87	97	0.988829
87	98	0.761985
87	99	0.742859
88	88	1
88	89	0.872705
88	90	0.872705
88	91	0.966893
88	92	0.987724
88	93	0.908991
88	94	0.973142
88	95	0.995006
88	96	0.985223
88	97	0.86422
88	98	0.857232
88	99	0.833101
89	89	1
89	90	1
89	91	0.899586
89	92	0.86334
89	93	0.956259
89	94	0.894243
89	95	0.868899
89	96	0.88428
89	97	0.988875
89	98	0.761958
89	99	0.742833
90	90	1
90	91	0.899586
90	92	0.86334
90	93	0.956259
90	94	0.894243
90	95	0.868899
90	96	0.88428
90	97	0.988875
90	98	0.761958
90	99	0.742833
91	91	1
91	92	0.955411
91	93	0.938192
91	94	0.993402
91	95	0.962223
91	96	0.981121
91	97	0.890573
91	98	0.832787
91	99	0.809995
92	92	1
92	93	0.898836
92	94	0.961513
92	95	0.992645
92	96	0.973304
92	97	0.855036
92	98	0.866463
92	99	0.841818
93	93	1
93	94	0.932382
93	95	0.904863
93	96	0.921555
93	97	0.946081
93	98	0.789473
93	99	0.768962
94	94	1
94	95	0.968412
94	96	0.987557
94	97	0.885337
94	98	0.837419
94	99	0.814377
95	95	1
95	96	0.980375
95	97	0.860487
95	98	0.860936
95	99	0.8366
96	96	1
96	97	0.875569
96	98	0.846349
96	99	0.82282
97	97	1
97	98	0.755482
97	99	0.736677
98	98	1
98	99	0.967316
98	99	0.967316
99	99	1