1	22503286@N06	999093753	1	16
2	22503286@N06	999093765	1	16
3	22503286@N06	999097478	1	16
4	22503286@N06	999097469	1	16
5	22503286@N06	1003940770	1	16
6	22503286@N06	1003931033	1	16
7	22503286@N06	1003931934	1	16
8	22503286@N06	1003932277	1	16
9	22503286@N06	1003935576	1	16
10	22503286@N06	1003938400	1	16
11	53297016@N00	955210032	2	16
12	53297016@N00	955209962	2	16
13	53297016@N00	955210051	2	16
14	53297016@N00	955209949	2	16
15	53297016@N00	955210152	2	16
16	53297016@N00	955210125	2	16
17	53297016@N00	955210573	3	16
18	53297016@N00	955210671	4	16
19	53297016@N00	955210745	5	16
20	53297016@N00	955210357	2	16
21	53297016@N00	955210717	4	16
22	53297016@N00	955210516	3	16
23	53297016@N00	955210442	2	16
24	53297016@N00	955210266	2	16
25	53297016@N00	955210320	2	16
26	53297016@N00	955211237	6	16
27	53297016@N00	955210984	7	16
28	53297016@N00	955210859	7	16
29	53297016@N00	955210803	8	16
30	53297016@N00	955219394	9	16
31	53297016@N00	955220249	2	16
32	53297016@N00	955220187	10	16
33	53297016@N00	955220316	2	16
34	53297016@N00	956341071	11	16
35	53297016@N00	956341060	11	16
36	53297016@N00	956341184	11	16
37	53297016@N00	956341095	11	16
38	53297016@N00	956340922	12	16
39	53297016@N00	956341122	11	16
40	53297016@N00	956341210	11	16
41	53297016@N00	956342992	13	16
42	59246871@N00	963718079	14	16
43	53297016@N00	967836570	15	16
44	53297016@N00	967836323	15	16
45	53297016@N00	967842280	16	16
46	53297016@N00	968007403	15	16
47	53297016@N00	968007117	17	16
48	53297016@N00	968007418	15	16
49	53297016@N00	968007380	15	16
50	53297016@N00	968007117	17	16
51	53297016@N00	968007352	15	16
52	53297016@N00	989081884	18	16
53	53297016@N00	989081915	18	16
54	53297016@N00	989081903	18	16
55	53297016@N00	989070740	2	16
56	53297016@N00	989071456	19	16
57	53297016@N00	989071563	20	16
58	53297016@N00	989071383	7	16
59	53297016@N00	989071594	21	16
60	53297016@N00	989071579	21	16
61	53297016@N00	989076146	18	16
62	45621409@N03	991685790	22	16
63	22503286@N06	999093683	1	16
64	74716969@N00	1000829113	23	16
65	74716969@N00	1000829864	23	16
66	74716969@N00	1000830376	23	16
67	74716969@N00	1000830480	23	16
68	74716969@N00	1000830412	23	16
69	74716969@N00	1000830807	23	16
70	74716969@N00	1000831143	23	16
71	74716969@N00	1000831783	23	16
72	74716969@N00	1000832201	23	16
73	74716969@N00	1000832319	23	16
74	74716969@N00	1000823769	23	16
75	74716969@N00	1000824235	23	16
76	74716969@N00	1000824402	23	16
77	74716969@N00	1000824571	23	16
78	74716969@N00	1000824853	23	16
79	74716969@N00	1000824936	23	16
80	74716969@N00	1000825143	23	16
81	74716969@N00	1000824797	23	16
82	74716969@N00	1000824618	23	16
83	74716969@N00	1000825537	23	16
84	74716969@N00	1000825626	23	16
85	74716969@N00	1000826445	23	16
86	74716969@N00	1000826846	23	16
87	74716969@N00	1000826802	23	16
88	74716969@N00	1000826585	23	16
89	74716969@N00	1000827445	23	16
90	74716969@N00	1000827699	23	16
91	74716969@N00	1000828005	23	16
92	74716969@N00	1000827825	23	16
93	74716969@N00	1000828479	23	16
94	74716969@N00	1000834199	23	16
95	37848896@N00	1001822400	24	16
96	37848896@N00	1001822401	24	16
97	37848896@N00	1001877796	25	16
98	37848896@N00	1001878453	25	16
99	37848896@N00	1001878585	24	16
100	37848896@N00	1001878667	24	16
101	37848896@N00	1001878463	25	16
102	37848896@N00	1001878564	24	16
103	37848896@N00	1001878493	25	16
104	37848896@N00	1001878593	24	16
105	37848896@N00	1001878544	24	16
106	37848896@N00	1001878475	25	16
107	37848896@N00	1001878573	24	16
108	37848896@N00	1001878782	24	16
109	37848896@N00	1001878623	24	16
110	37848896@N00	1001878730	24	16
111	37848896@N00	1001878739	24	16
112	37848896@N00	1001879061	24	16
113	37848896@N00	1001878833	24	16
114	37848896@N00	1001879087	24	16
115	37848896@N00	1001879343	24	16
116	37848896@N00	1001878988	24	16
117	37848896@N00	1001879100	24	16
118	37848896@N00	1001878939	24	16
119	37848896@N00	1001879296	24	16
120	37848896@N00	1001878886	24	16
121	37848896@N00	1001878955	24	16
122	37848896@N00	1001878989	24	16
123	37848896@N00	1001878966	24	16
124	37848896@N00	1001879532	24	16
125	37848896@N00	1001879737	24	16
126	37848896@N00	1001879427	24	16
127	37848896@N00	1001879753	24	16
128	37848896@N00	1001879462	24	16
129	37848896@N00	1001879873	25	16
130	37848896@N00	1001880045	25	16
131	37848896@N00	1001882129	25	16
132	37848896@N00	1001882138	25	16
133	37848896@N00	1001882112	24	16
134	37848896@N00	1001882569	26	16
135	37848896@N00	1001882546	24	16
136	37848896@N00	1001882704	25	16
137	37848896@N00	1001882873	25	16
138	37848896@N00	1001882856	25	16
139	37848896@N00	1001882843	24	16
140	37848896@N00	1001882910	26	16
141	37848896@N00	1001882894	26	16
142	37848896@N00	1001882532	24	16
143	37848896@N00	1001882882	26	16
144	37848896@N00	1001882568	26	16
145	37848896@N00	1001886074	24	16
146	53297016@N00	1003343377	3	16
147	22503286@N06	1003940319	1	16
148	22503286@N06	1003940366	1	16
149	22503286@N06	1003940356	1	16
150	22503286@N06	1003940385	1	16
151	22503286@N06	1003940764	1	16
152	22503286@N06	1003941157	1	16
153	22503286@N06	1003941169	1	16
154	22503286@N06	1003941366	1	16
155	22503286@N06	1003931616	1	16
156	22503286@N06	1003932669	1	16
157	22503286@N06	1003932692	1	16
158	22503286@N06	1003932635	1	16
159	22503286@N06	1003932718	1	16
160	22503286@N06	1003932822	1	16
161	22503286@N06	1003932727	1	16
162	22503286@N06	1003934394	1	16
163	22503286@N06	1003934817	1	16
164	22503286@N06	1003935203	1	16
165	22503286@N06	1003935633	1	16
166	22503286@N06	1003935651	1	16
167	22503286@N06	1003935659	1	16
168	54449844@N02	1013497841	27	16
169	54583080@N00	1014382015	28	16
170	54583080@N00	1014381997	28	16
171	54583080@N00	1014382024	28	16
172	27124738@N03	1017362961	29	16
173	87793853@N00	1028174400	30	16
174	54289096@N00	1030903068	31	16
175	54289096@N00	1042228412	32	16
176	27898334@N02	1042304455	33	16
177	69675357@N00	1052020800	34	16
178	54583080@N00	1014382399	28	16
179	54583080@N00	1014382416	28	16
180	8348059@N02	1014958800	35	16
181	8348059@N02	1014958800	36	16
182	8348059@N02	1014958800	36	16
183	8348059@N02	1014958800	36	16
184	8348059@N02	1014958800	37	16
185	8348059@N02	1014958800	36	16
186	8348059@N02	1014958800	38	16
187	8348059@N02	1014958800	39	16
188	8348059@N02	1014958800	40	16
189	8348059@N02	1014958800	40	16
190	8348059@N02	1014958800	41	16
191	8348059@N02	1014958800	35	16
192	8348059@N02	1014958800	42	16
193	8348059@N02	1014958800	43	16
194	8348059@N02	1014958800	35	16
195	8348059@N02	1014958800	35	16
196	8348059@N02	1014958800	38	16
197	8348059@N02	1014958800	40	16
198	8348059@N02	1014958800	44	16
199	18785770@N00	1016732858	45	16
200	53297016@N00	1019326737	15	16
201	10839729@N08	1023640426	46	16
202	54289096@N00	1025441927	47	16
203	33082937@N00	1029033185	48	16
204	33082937@N00	1029033249	48	16
205	33082937@N00	1029034840	48	16
206	85361935@N00	1032121293	49	16
207	54289096@N00	1032898599	47	16
208	54289096@N00	1033771339	47	16
209	85361935@N00	1034893824	49	16
210	8394193@N08	1034983943	50	16
211	85361935@N00	1035306794	49	16
212	85361935@N00	1035402947	49	16
213	85361935@N00	1035402933	49	16
214	85361935@N00	1035402941	49	16
215	85361935@N00	1035404159	49	16
216	85361935@N00	1035404169	49	16
217	62935824@N00	1041397438	51	16
218	62935824@N00	1041397346	51	16
219	62935824@N00	1041397959	51	16
220	37216422@N08	1041459588	52	16
221	11572905@N02	1041683975	53	16
222	54289096@N00	1042046064	54	16
223	54289096@N00	1042224442	32	16
224	54289096@N00	1042224446	32	16
225	54289096@N00	1042224487	32	16
226	54289096@N00	1042225159	32	16
227	54289096@N00	1042224969	32	16
228	54289096@N00	1042225040	55	16
229	54289096@N00	1042224874	32	16
230	54289096@N00	1042224911	32	16
231	54289096@N00	1042225189	32	16
232	54289096@N00	1042225268	32	16
233	54289096@N00	1042225295	32	16
234	54289096@N00	1042226049	32	16
235	54289096@N00	1042225953	32	16
236	54289096@N00	1042226253	32	16
237	54289096@N00	1042226037	32	16
238	54289096@N00	1042226720	32	16
239	54289096@N00	1042226716	32	16
240	54289096@N00	1042226869	32	16
241	54289096@N00	1042226984	32	16
242	54289096@N00	1042227124	32	16
243	54289096@N00	1042227464	32	16
244	54289096@N00	1042227589	32	16
245	54289096@N00	1042227124	32	16
246	54289096@N00	1042227380	32	16
247	54289096@N00	1042227372	32	16
248	54289096@N00	1042228400	32	16
249	54289096@N00	1042228658	32	16
250	26837739@N00	1042910310	56	16
251	54289096@N00	1044138521	57	16
252	54289096@N00	1044917638	58	16
253	44592402@N00	1045601891	59	16
254	8783533@N05	1045959559	60	16
255	8783533@N05	1045959520	60	16
256	8783533@N05	1045959712	60	16
257	8783533@N05	1045959640	60	16
258	54289096@N00	1048279756	47	16
259	54289096@N00	1050424453	61	16
260	44491744@N00	1051832848	62	16
261	44491744@N00	1051841970	62	16
262	44491744@N00	1051842535	62	16
263	44491744@N00	1051842851	62	16
264	44491744@N00	1051843329	62	16
265	44491744@N00	1051844361	62	16
266	44491744@N00	1051844255	62	16
267	44491744@N00	1051843898	62	16
268	44491744@N00	1051847028	62	16
269	44491744@N00	1051848012	62	16
270	44491744@N00	1051848220	62	16
271	44491744@N00	1051848576	62	16
272	44491744@N00	1051848717	62	16
273	44491744@N00	1051848922	62	16
274	44491744@N00	1051849839	62	16
275	44491744@N00	1051849815	62	16
276	69675357@N00	1052020800	63	16
277	69675357@N00	1052020800	64	16
278	14537203@N02	1053006770	65	16
279	14537203@N02	1053006904	65	16
280	14537203@N02	1053007166	65	16
281	14537203@N02	1053006757	65	16
282	14537203@N02	1053006786	65	16
283	14537203@N02	1053007285	65	16
284	14537203@N02	1053008023	65	16
285	14537203@N02	1053008110	65	16
286	14537203@N02	1053008039	65	16
287	14537203@N02	1053025730	65	16
288	14537203@N02	1053026064	65	16
289	14537203@N02	1053026204	65	16
290	44124362632@N01	1053961098	66	16
291	54289096@N00	1056020143	32	16
292	54289096@N00	1056027636	32	16
293	54289096@N00	1062345918	67	16
294	54289096@N00	1062345964	67	16
295	54289096@N00	1062346197	67	16
296	54289096@N00	1062347233	67	16
297	54289096@N00	1062347901	67	16
298	54289096@N00	1062348285	67	16
299	54289096@N00	1062349059	67	16
300	54289096@N00	1062349011	67	16
301	54289096@N00	1062339539	67	16
302	54289096@N00	1062339044	67	16
303	54289096@N00	1062339473	67	16
304	54289096@N00	1062339481	67	16
305	54289096@N00	1062339459	67	16
306	54289096@N00	1062339286	67	16
307	54289096@N00	1062339312	67	16
308	54289096@N00	1062340197	67	16
309	54289096@N00	1062339711	67	16
310	54289096@N00	1062339653	67	16
311	54289096@N00	1062339980	67	16
312	54289096@N00	1062340603	67	16
313	54289096@N00	1062340637	67	16
314	54289096@N00	1062340596	67	16
315	54289096@N00	1062340747	67	16
316	54289096@N00	1062340582	67	16
317	54289096@N00	1062340920	67	16
318	54289096@N00	1062340983	67	16
319	54289096@N00	1062341211	67	16
320	54289096@N00	1062341218	67	16
321	54289096@N00	1062342537	67	16
322	54289096@N00	1062342273	67	16
323	54289096@N00	1062342371	67	16
324	54289096@N00	1062343633	67	16
325	54289096@N00	1062343261	67	16
326	54289096@N00	1062344086	67	16
327	54289096@N00	1062344406	67	16
328	54289096@N00	1062345508	67	16
329	54289096@N00	1062349426	67	16
330	54289096@N00	1062349215	67	16
331	54289096@N00	1062359589	67	16
332	54289096@N00	1062360434	67	16
333	54289096@N00	1062360302	67	16
334	54289096@N00	1062360382	67	16
335	54289096@N00	1062360339	67	16
336	54289096@N00	1062360884	67	16
337	14537203@N02	1053026336	65	16
338	14537203@N02	1053026312	65	16
339	14537203@N02	1053026514	65	16
340	53297016@N00	1053191823	68	16
341	53297016@N00	1053192407	68	16
342	53297016@N00	1053192278	68	16
343	53297016@N00	1053192030	68	16
344	53297016@N00	1053194062	3	16
345	53297016@N00	1053194157	3	16
346	53297016@N00	1053194203	3	16
347	53297016@N00	1053194088	3	16
348	53297016@N00	1053194249	3	16
349	53297016@N00	1053194110	3	16
350	53297016@N00	1053194478	3	16
351	53297016@N00	1053194525	3	16
352	53297016@N00	1053194437	3	16
353	53297016@N00	1053194747	3	16
354	53297016@N00	1053194631	3	16
355	53297016@N00	1053194410	3	16
356	53297016@N00	1053194879	3	16
357	54289096@N00	1055627708	69	16
358	54289096@N00	1056028158	32	16
359	54289096@N00	1056027868	32	16
360	54289096@N00	1056027950	32	16
361	54289096@N00	1056028197	32	16
362	54289096@N00	1056028304	32	16
363	54289096@N00	1056028263	32	16
364	54289096@N00	1056028877	32	16
365	54289096@N00	1056028977	32	16
366	54289096@N00	1056029383	32	16
367	54289096@N00	1056029366	32	16
368	54289096@N00	1056029277	32	16
369	54289096@N00	1056029829	32	16
370	54289096@N00	1056029427	32	16
371	54289096@N00	1056029403	32	16
372	54289096@N00	1056029588	32	16
373	54289096@N00	1056029821	32	16
374	54289096@N00	1056029627	32	16
375	54289096@N00	1056029728	32	16
376	34525698@N00	1056469615	70	16
377	34525698@N00	1056474667	71	16
378	34525698@N00	1056475536	72	16
379	34525698@N00	1056552819	73	16
380	34525698@N00	1056554550	74	16
381	34525698@N00	1056563116	75	16
382	34525698@N00	1056563415	76	16
383	54289096@N00	1057074793	77	16
384	54289096@N00	1057273588	47	16
385	71753167@N00	1058121157	78	16
386	71753167@N00	1058121098	78	16
387	71753167@N00	1058121251	78	16
388	71753167@N00	1058121805	78	16
389	71753167@N00	1058122124	78	16
390	52921587@N00	1059790829	79	16
391	54289096@N00	1060806361	80	16
392	54289096@N00	1062345786	67	16
393	54289096@N00	1062348370	67	16
394	54289096@N00	1062339562	67	16
395	54289096@N00	1062339113	67	16
396	54289096@N00	1062341222	67	16
397	54289096@N00	1062341047	67	16
398	54289096@N00	1062341311	67	16
399	54289096@N00	1062341949	67	16
400	54289096@N00	1062342224	67	16
401	54289096@N00	1062344355	67	16
402	54289096@N00	1062344215	67	16
403	54289096@N00	1062344250	67	16
404	54289096@N00	1062344574	67	16
405	54289096@N00	1062359712	67	16
406	54289096@N00	1062359691	67	16
407	54289096@N00	1062359656	67	16
408	54289096@N00	1062359508	67	16
409	54289096@N00	1062359563	67	16
410	54289096@N00	1062360981	67	16
411	54289096@N00	1062361482	67	16
412	54289096@N00	1062361785	67	16
413	54289096@N00	1062362983	67	16
414	54289096@N00	1062362776	67	16
415	54289096@N00	1062367307	67	16
416	54289096@N00	1062368786	67	16
417	54289096@N00	1062369073	67	16
418	54289096@N00	1062371267	67	16
419	54289096@N00	1062372360	67	16
420	54289096@N00	1062372283	67	16
421	54289096@N00	1065189487	81	16
422	54289096@N00	1065189895	81	16
423	54289096@N00	1065190151	81	16
424	54289096@N00	1065190386	81	16
425	54289096@N00	1066501182	47	16
426	54289096@N00	1066501105	47	16
427	54289096@N00	1066501737	47	16
428	54289096@N00	1067555243	80	16
429	54289096@N00	1067555269	80	16
430	54289096@N00	1067557002	82	16
431	54289096@N00	1067557575	82	16
432	54289096@N00	1073928404	83	16
433	54289096@N00	1073929404	83	16
434	54289096@N00	1073929829	83	16
435	54289096@N00	1075064140	47	16
436	54289096@N00	1062361404	67	16
437	54289096@N00	1062361660	67	16
438	54289096@N00	1062367049	67	16
439	54289096@N00	1062372401	67	16
440	54289096@N00	1062372356	67	16
441	54289096@N00	1065189977	81	16
442	54289096@N00	1065189743	81	16
443	54289096@N00	1065189846	81	16
444	85361935@N00	1065812875	49	16
445	54289096@N00	1065907770	84	16
446	54289096@N00	1066501511	47	16
447	95721592@N00	1066858691	85	16
448	72327394@N00	1067106701	86	16
449	72327394@N00	1067106836	86	16
450	72327394@N00	1067106818	86	16
451	72327394@N00	1067106853	86	16
452	72327394@N00	1067116978	86	16
453	72327394@N00	1067117867	86	16
454	72327394@N00	1067119580	86	16
455	72327394@N00	1067119540	86	16
456	72327394@N00	1067119496	86	16
457	72327394@N00	1067119510	86	16
458	37848896@N00	1067698800	87	16
459	37848896@N00	1067698800	87	16
460	37848896@N00	1067698800	87	16
461	37848896@N00	1067698800	87	16
462	37848896@N00	1067698800	88	16
463	37848896@N00	1067698800	87	16
464	37848896@N00	1067698800	87	16
465	37848896@N00	1067698800	87	16
466	37848896@N00	1067698800	89	16
467	37848896@N00	1067698800	89	16
468	37848896@N00	1067698800	87	16
469	37848896@N00	1067698800	90	16
470	71654172@N00	1070060143	91	16
471	49125199@N05	1072933254	92	16
472	54289096@N00	1073072691	93	16
473	54289096@N00	1073072618	93	16
474	54289096@N00	1073073939	93	16
475	54289096@N00	1073074056	93	16
476	54289096@N00	1073074355	93	16
477	54289096@N00	1073074674	93	16
478	71654172@N00	1073445434	94	16
479	59468683@N00	1073683744	95	16
480	85361935@N00	1073756806	49	16
481	54289096@N00	1073929625	83	16
482	54289096@N00	1073930114	83	16
483	54289096@N00	1073929944	83	16
484	54289096@N00	1074375672	83	16
485	54289096@N00	1074375902	83	16
486	54289096@N00	1074375914	83	16
487	54289096@N00	1074375838	83	16
488	54289096@N00	1074546539	96	16
489	54289096@N00	1074982421	81	16
490	54289096@N00	1074982783	81	16
491	54289096@N00	1074982800	81	16
492	9700058@N05	1079529551	97	16
493	9700058@N05	1079529173	97	16
494	54289096@N00	1081710900	47	16
495	54289096@N00	1082747250	47	16
496	54289096@N00	1083336672	47	16
497	8177037@N06	1083384000	98	16
498	8177037@N06	1083384000	98	16
499	21231204@N02	1083608688	99	16
500	21231204@N02	1083609166	99	16
